id,mordred_PNSA1,mordred_PNSA2,mordred_PNSA3,mordred_PNSA4,mordred_PNSA5,mordred_PPSA1,mordred_PPSA2,mordred_PPSA3,mordred_PPSA4,mordred_PPSA5,mordred_DPSA1,mordred_DPSA2,mordred_DPSA3,mordred_DPSA4,mordred_DPSA5,mordred_FNSA1,mordred_FNSA2,mordred_FNSA3,mordred_FNSA4,mordred_FNSA5,mordred_FPSA1,mordred_FPSA2,mordred_FPSA3,mordred_FPSA4,mordred_FPSA5,mordred_WNSA1,mordred_WNSA2,mordred_WNSA3,mordred_WNSA4,mordred_WNSA5,mordred_WPSA1,mordred_WPSA2,mordred_WPSA3,mordred_WPSA4,mordred_WPSA5,mordred_RNCG,mordred_RPCG,mordred_RNCS,mordred_RPCS,mordred_TASA,mordred_TPSA,mordred_RASA,mordred_RPSA,mordred_GeomDiameter,mordred_GeomRadius,mordred_GeomShapeIndex,mordred_GeomPetitjeanIndex,mordred_VMcGowan,mordred_Mor01,mordred_Mor02,mordred_Mor03,mordred_Mor04,mordred_Mor05,mordred_Mor06,mordred_Mor07,mordred_Mor08,mordred_Mor09,mordred_Mor10,mordred_Mor11,mordred_Mor12,mordred_Mor13,mordred_Mor14,mordred_Mor15,mordred_Mor16,mordred_Mor17,mordred_Mor18,mordred_Mor19,mordred_Mor20,mordred_Mor21,mordred_Mor22,mordred_Mor23,mordred_Mor24,mordred_Mor25,mordred_Mor26,mordred_Mor27,mordred_Mor28,mordred_Mor29,mordred_Mor30,mordred_Mor31,mordred_Mor32,mordred_Mor01m,mordred_Mor02m,mordred_Mor03m,mordred_Mor04m,mordred_Mor05m,mordred_Mor06m,mordred_Mor07m,mordred_Mor08m,mordred_Mor09m,mordred_Mor10m,mordred_Mor11m,mordred_Mor12m,mordred_Mor13m,mordred_Mor14m,mordred_Mor15m,mordred_Mor16m,mordred_Mor17m,mordred_Mor18m,mordred_Mor19m,mordred_Mor20m,mordred_Mor21m,mordred_Mor22m,mordred_Mor23m,mordred_Mor24m,mordred_Mor25m,mordred_Mor26m,mordred_Mor27m,mordred_Mor28m,mordred_Mor29m,mordred_Mor30m,mordred_Mor31m,mordred_Mor32m,mordred_Mor01v,mordred_Mor02v,mordred_Mor03v,mordred_Mor04v,mordred_Mor05v,mordred_Mor06v,mordred_Mor07v,mordred_Mor08v,mordred_Mor09v,mordred_Mor10v,mordred_Mor11v,mordred_Mor12v,mordred_Mor13v,mordred_Mor14v,mordred_Mor15v,mordred_Mor16v,mordred_Mor17v,mordred_Mor18v,mordred_Mor19v,mordred_Mor20v,mordred_Mor21v,mordred_Mor22v,mordred_Mor23v,mordred_Mor24v,mordred_Mor25v,mordred_Mor26v,mordred_Mor27v,mordred_Mor28v,mordred_Mor29v,mordred_Mor30v,mordred_Mor31v,mordred_Mor32v,mordred_Mor01se,mordred_Mor02se,mordred_Mor03se,mordred_Mor04se,mordred_Mor05se,mordred_Mor06se,mordred_Mor07se,mordred_Mor08se,mordred_Mor09se,mordred_Mor10se,mordred_Mor11se,mordred_Mor12se,mordred_Mor13se,mordred_Mor14se,mordred_Mor15se,mordred_Mor16se,mordred_Mor17se,mordred_Mor18se,mordred_Mor19se,mordred_Mor20se,mordred_Mor21se,mordred_Mor22se,mordred_Mor23se,mordred_Mor24se,mordred_Mor25se,mordred_Mor26se,mordred_Mor27se,mordred_Mor28se,mordred_Mor29se,mordred_Mor30se,mordred_Mor31se,mordred_Mor32se,mordred_Mor01p,mordred_Mor02p,mordred_Mor03p,mordred_Mor04p,mordred_Mor05p,mordred_Mor06p,mordred_Mor07p,mordred_Mor08p,mordred_Mor09p,mordred_Mor10p,mordred_Mor11p,mordred_Mor12p,mordred_Mor13p,mordred_Mor14p,mordred_Mor15p,mordred_Mor16p,mordred_Mor17p,mordred_Mor18p,mordred_Mor19p,mordred_Mor20p,mordred_Mor21p,mordred_Mor22p,mordred_Mor23p,mordred_Mor24p,mordred_Mor25p,mordred_Mor26p,mordred_Mor27p,mordred_Mor28p,mordred_Mor29p,mordred_Mor30p,mordred_Mor31p,mordred_Mor32p,mordred_MOMI-X,mordred_MOMI-Y,mordred_MOMI-Z,mordred_PBF,mordred_apol,mordred_bpol,mordred_TopoPSA(NO),mordred_TopoPSA,mordred_Vabc,mordred_MW,mordred_AMW
SNDZVBXPGWJPGJ-QWPJMZSKSA-N__QJIHLKQEDOWOBW-UHFFFAOYSA-N,529.3339798802297,-3777.2814913950897,-124.51449574283414,-32.845926012131216,-99.40214451039708,604.5670823906321,4314.1384030127265,52.494627771698916,37.514246982719364,56.027771467697754,75.23310251040243,8091.419894407816,177.00912351453306,70.36017299485059,155.42991597809484,0.4668255436855605,-3.3312266978834417,-0.10981072325081799,-0.028967188677247322,-0.08766386047061688,0.5331744563144395,3.804686799016493,0.04629559801855024,0.03308423303492603,0.04941151687034408,600.2123620822554,-4283.063495588957,-141.18711899092034,-37.24403039642572,-112.71219725234097,685.5192569367334,4891.806117959649,59.523714193842885,42.53744450399696,63.52994958389156,0.07110506112559062,0.04866692536949108,260.87200636912786,3.8832780132167017,698.0890016863132,435.8120605845484,0.6156524805508617,0.38434751944913814,19.74608414331126,11.43154280147429,0.7273332643048558,0.42107292167360777,672.8100000000001,6555.0,41.164338450969055,-11.470524837089139,5.890339693415148,-15.901041518290612,-4.252393201530001,7.7800802018101525,2.6465559812364785,0.38234601577699523,-1.6919358904637105,-1.962088941400247,-0.16579847529973946,-0.2807516459275251,2.397417418315037,2.1921268155298086,0.011841242640503402,-1.0572452321283534,-4.152182324358444,1.0358554993933855,4.595138425608944,-2.3302396692685052,-0.15551041779276853,-1.3086140122325358,-0.7923890738024135,1.3135164927508665,2.140042205726094,-1.3003420661961071,-0.20913494696758578,-0.5918395323064477,0.09713839437763072,1.4116705034288382,0.5196789251344548,3031.8940361278915,21.78968891155026,-8.875017478181213,-0.15910612687376183,-12.102419366146595,3.97067522010904,9.437874412166014,-4.7434139624415765,-3.58329118266324,1.1019042329753188,-0.6183571865251587,4.537821199827365,-3.279693106229135,-1.334251765623504,3.281500057674671,-0.767395595576576,0.7117039419730885,-2.0605180518698547,0.12436829446762365,1.680015023961444,-0.7740547947939264,0.24702531027898428,-0.23352900095183196,-0.16341038865129742,0.5769908249211774,0.27400285760373033,-0.4161230802923915,0.3392265166358547,0.46532990834931054,0.32242053455953806,0.19717853718508807,-0.5358983442736179,2790.2852840779256,21.198373510918646,-5.499609531047377,-0.02878949320160612,-11.10157719137691,2.1662276643099228,7.8421909370605425,-3.171299512170235,-2.2995920138729713,0.7633698880813932,-0.07957858930479116,2.179639336185796,-2.6104548694315053,0.33041934106846005,2.5407680224635465,-0.6729091167543878,-0.15329734975297987,-1.9492181055565645,0.45132653858878596,2.076149618257047,-1.1328977144630223,-0.0605300438698204,-0.47772712400559203,-0.013468407098028089,0.8621204146637295,0.4976302656806576,-0.4914601716605236,0.14401255846454014,0.10517660906792678,0.021865230821399323,0.44238628608476716,-0.07247563255665908,6895.868581142193,43.48046075982256,-14.149640211184025,6.92095634363512,-17.09052094430451,-4.204254639661234,8.950091783823469,2.3724014616631117,-0.20028252281649297,-1.4340862639925813,-2.1066489025628607,0.5964366459752544,-0.6026803744073682,1.7660921051665524,2.697340189871693,-0.04645721484436963,-0.5381259789743511,-4.312513741598579,0.80048708628931,4.392318534920896,-2.150549923939785,0.0910323426754313,-1.267535797838026,-0.905869992143736,1.1945586104815793,2.0544165586182896,-1.312303268577097,-0.025118888207014665,-0.3515179438297493,0.15487035347342473,1.3161288344150888,0.41219881458830215,3005.259373928673,21.099586590250986,-5.028614715448623,0.8415003010097922,-10.920440325644096,1.178578627942874,6.942422995871687,-2.3260809417292214,-1.425966345096628,0.10304157273993117,-0.06677911112088944,1.3033321673865577,-2.2652427435939044,1.1547934399953408,2.1505329058887876,-0.551639741984796,-0.6487591130593188,-2.082326865447374,0.7682748929855925,2.4354348507588703,-1.351193097418506,-0.14443812702252018,-0.5874238012667273,-0.12003196797732607,0.9924362531145647,0.7782631565117992,-0.5749982122068592,0.004629802682258199,-0.09262777140641258,-0.035175933075347596,0.6005059770654599,0.08560243592369031,,,,2.011298607236826,130.151064,66.702936,250.09999999999997,275.4,869.5458595937544,941.2841024360014,8.185079151617403
QJIHLKQEDOWOBW-UHFFFAOYSA-N__SNDZVBXPGWJPGJ-QWPJMZSKSA-N,534.2138250902495,-3819.2272546974814,-129.3125980476432,-33.21067177997809,-97.92890396660209,627.0801581584134,4483.151723963748,54.8104720432002,38.983928034467375,58.98883847320722,92.86633306816384,8302.378978661229,184.1230700908434,72.19459981444547,156.9177424398093,0.4600160104126371,-3.2887686578840114,-0.11135216397651318,-0.028597988329426182,-0.08432740148420542,0.5399839895873633,3.860479593136574,0.04719775770289502,0.033569387766404994,0.05079578412021809,620.3793008455601,-4435.245631539492,-150.1699420709808,-38.56735331773471,-113.72424696255109,728.2244146839852,5206.257123029969,63.651071402787416,45.27180106982582,68.50338319776276,0.07092177701929497,0.04857797174364376,393.6491679659249,0.0,728.2346726761892,433.0593105724735,0.6270889914016335,0.37291100859836673,19.682631350341204,11.27928139455486,0.7450252956578521,0.42694240450937826,672.8100000000001,6555.0,58.42531546634306,-11.483359259758943,5.30165456801805,-17.917982507617094,-5.128035027595496,8.48127238055643,3.5701405211771617,0.5869126181206833,0.7861975824772653,-2.4301918796741373,-1.4627478074521068,-0.9743541163549372,1.1150601318386688,2.8721959219899587,0.40330241511640263,-1.4246873333398844,-3.439397928794524,2.4545225579296996,4.886287775598024,-2.4215707705146414,-0.45208474915383773,-1.2188029371354308,-0.5122299327804695,2.0103922900399502,1.832569939156525,-0.9470126798957029,-0.31952594517857513,-0.8671463656905969,0.43045367889164066,1.3971845182042908,-0.2677374920444017,3031.8940361278915,30.39251879439884,-10.981222699778053,-0.21736948584189217,-13.5384312146509,5.045073184901638,9.33572929531352,-3.399414251386221,-4.855456927278754,3.076271495599197,0.1345554513030077,4.3558104739852395,-2.780652739233773,-2.2283573420668774,3.464547515623051,-0.19332868418235677,0.4103530429022874,-1.7562974607664081,0.8631801493312742,1.8295249956491544,-1.0393750548236893,0.09447217935895946,-0.23268124802964632,0.532235464081682,0.7338327096834093,-0.31764696302121675,-0.3729735080528499,0.5029344124932161,-0.10050568939698666,0.23200359329129194,-0.43609043097891603,-0.38528704378276263,2790.2852840779256,28.939793607440688,-7.799684223590929,-0.6021711432929934,-12.488294725997767,2.861517141974362,7.849205625303262,-2.122957884846064,-3.0185297864374876,2.237262120562984,0.39453458784968914,1.7651216768140146,-2.366696227986025,-0.4918280925620803,2.6467833255072817,-0.18982722104676186,-0.22683009514624536,-1.8072881088743242,1.253638068170883,2.21841314237988,-1.1734643128479922,-0.15833798858110176,-0.46623422059927705,0.22938660090406074,0.9525214425050192,0.16172668421937253,-0.4208670628514394,0.12140228333826185,-0.20238765353710744,0.07935953008360076,0.1502958201700177,-0.20773577511874883,6895.868581142193,61.15182008017908,-13.549449779917252,6.938659923033854,-19.399970560403876,-5.115793428876004,9.683532382076411,3.3817078172648087,0.021605164540908748,1.3478164392889591,-2.458771779294598,-0.8421840427356614,-1.2167953175632285,0.49097100299454227,3.250004711778664,0.41056759185826786,-0.9452378420379144,-3.595902093106607,2.2464034459770454,4.692987934287115,-2.291293908560407,-0.2774945024798555,-1.1995504065319251,-0.41449728003335423,1.8831589452636126,1.6494877415563367,-0.9273254398623382,-0.07582479759479939,-0.7441263202084922,0.48850794919427637,1.1527548770310432,-0.33333127121582234,3005.259373928673,31.177353153114147,-7.735518648917054,-0.22675228445070542,-12.198397364143727,1.662652758684542,7.061348580062534,-1.2262243237639112,-2.1896860448832065,1.5475724857932243,0.17995495995283986,0.8146255334883378,-2.0268530153593622,0.19294795982518703,2.381323201952519,-0.08649937983842576,-0.7762844534683299,-1.8794103854602164,1.5930148211789692,2.5401279512416477,-1.388136633376307,-0.19751307184611885,-0.5527668079230333,-0.010307105584190781,1.208702505076994,0.42636873770631023,-0.538973094114217,-0.0753141140973094,-0.3423858340414649,0.07127631516112029,0.37743797300341997,-0.07288405074235782,,,,1.8418099283895084,130.151064,66.702936,250.09999999999997,275.4,869.5458595937544,941.2841024360014,8.185079151617403
FBPNUZLMODFKHD-UHFFFAOYSA-N__FALJEPRYCYVGED-DAZKTRTLSA-N,403.93457558243506,-1461.804620804856,-78.98898694747756,-22.14855486067964,-60.90852586686901,264.9600438729493,958.8676975811161,14.367873866446724,14.52829844819873,22.83018327574086,-138.97453170948575,2420.672318385972,93.35686081392429,36.676853308878364,83.73870914260988,0.603883726724128,-2.1854034675821743,-0.11808883589434546,-0.03311217375124507,-0.09105847781592394,0.39611627327587173,1.4335108546123878,0.021480026073681203,0.021719861433521028,0.034131210824104474,270.1896642190851,-977.7932455513868,-52.83530836539933,-14.815049175021013,-40.74138523130779,177.2303477172784,641.3814436815813,9.610593522279846,9.717900661842142,15.270986754323367,0.10715426229348934,0.1348929097231641,236.87510192459214,0.0,367.1238432116113,301.7707762437732,0.54885154183259,0.45114845816741006,12.295724735649378,6.437732229555047,0.9099465925595376,0.47642515037036165,399.6600000000001,2145.0,24.639627336215682,-14.182499071001319,6.455597267025843,-11.783018342993271,-0.9794851875538247,3.844511929809747,0.47057485942054567,1.796662436244792,0.33171610206126695,-1.3136799563851853,-0.9767273981423318,-0.6971009499302303,1.0761488249011326,0.7302268139868787,0.4780886536993147,-1.0565800531937348,-1.8740247840022337,1.2322014793674625,2.813671033930737,-1.0788841346622606,-0.25187820650414783,-1.2921919752156763,-0.17225235221032728,1.0736993957180778,0.49020336984886537,-0.47879174248324136,-0.4822968975258045,-0.42850856610201243,-0.014455874911584218,1.5621893427124038,-0.6437807074336963,1448.8460345060143,0.6563664529463396,-11.840753892331467,-4.388259351357848,-9.722519362146118,5.595796905308025,8.16867049657769,-1.8369235473624037,-2.750151897223526,1.6617340207933355,2.0891819785282726,0.9553851883628283,-2.9955803169843898,-0.19655570038606524,2.9961035278253836,-0.14882611337706272,-0.20783166949603682,-0.6444292072512721,-0.24863047548635794,1.8915649128462395,-0.9700744765711258,0.10334778486719587,-0.7159439221801637,0.282112175461679,0.5844152687834083,0.09341137809753375,-0.6037799728892222,-0.09611363486792746,0.5371123598221368,-0.19609088279832793,0.11419355963732834,-0.35354757236342227,942.5576454326826,8.3982975643137,-5.935482422441453,-0.2500030218169168,-7.00557931162751,2.4052035031182446,4.2319520329146085,-1.6381037381627748,-1.1613412871752398,0.9464967647640936,0.9578949016534769,-0.033061171686500114,-1.7131024066996838,0.33920831784134264,1.1551846323194832,-0.00352382657881121,-0.43630999215830885,-0.6055348923222824,0.7171251565112761,1.0424941919933655,-0.5924706378613467,-0.13623326825532261,-0.5541847036939236,0.02103316081754558,0.5868786213174445,0.2826470610786298,-0.3728294296455931,-0.16355970530832964,0.12186027752058726,-0.11384653840176763,0.47843207236689217,-0.340124113176778,2439.7033697693905,21.527578464880982,-16.54031280142751,6.52711551699864,-13.007760314103,-0.45157992033352146,5.311921432237731,0.20833919473950227,1.6305013462553613,0.36429186357399895,-1.2679993597293755,-0.4627997411234597,-1.03550007575901,0.6001741860214802,1.4715695338947639,0.17387860970244737,-0.7371861446656862,-1.9113121429118076,0.7437247139054698,3.2245387963746555,-1.0707502463373757,-0.11116549299945606,-1.4030183884985101,-0.20714252602475605,1.1538796590976108,0.3340359496189004,-0.5080288429803308,-0.4101927728408775,-0.3130397571836489,-0.0791884173609283,1.5689703922369642,-0.7172360832061316,975.6189939778046,9.39347284255797,-5.330791827786938,0.37845768053720463,-7.209286298315508,1.6699806207001011,3.4117033513435526,-0.9599632319206907,-0.8216700722867334,0.7276658900246757,1.0396821411310937,-0.6644268736157567,-1.4690644636022292,0.811584865158171,0.7405143416290699,0.22707839029678464,-0.8125575828694309,-0.6057764719504677,1.010945327905729,1.04734972304933,-0.6446750045245302,-0.2107282009536299,-0.5702454147519384,0.010434027592280928,0.65461496958985,0.37926496610736327,-0.38377511623112254,-0.2043286518418033,0.03398533799982725,-0.08417556369209037,0.5287689196977332,-0.21717109128688858,,,,1.351140034891249,74.487825,47.164175,135.04,151.79999999999998,517.6482601039463,654.0583567600006,9.909975102424252
FALJEPRYCYVGED-DAZKTRTLSA-N__FBPNUZLMODFKHD-UHFFFAOYSA-N,382.6792737983137,-1386.4541026038587,-68.4634690528142,-21.00688034248271,-53.3251577924561,336.9734964600871,1220.8612240705922,18.5383340831781,18.497897334402914,30.521530601764802,-45.705777338226596,2607.315326674451,87.0018031359923,39.504777676885624,83.8466883942209,0.5317554376409996,-1.9265598075944792,-0.09513403113592057,-0.029190300115067867,-0.0740984541382492,0.4682445623590003,1.6964587291621567,0.025760109387922822,0.025703920138820557,0.04241146822905391,275.39619950942955,-997.765535774992,-49.269925165358046,-15.117659632954426,-38.37559752980739,242.50391023116114,878.5961620034641,13.341163478934853,13.312063060658547,21.964904050086595,0.10693639313209348,0.13474004941759457,214.4255398299456,5.978224933346432,474.73758800686903,244.9151822515318,0.6596758987482368,0.34032410125176304,14.414506410386911,7.4731748886363585,0.9288330094222039,0.4815518009516245,399.6600000000001,2145.0,31.5529849377297,-13.324030659911562,6.092051343300206,-10.647244238269115,-0.2496170080178277,3.060099551340154,0.6787044326843088,1.2472945837512528,-0.45434083364787736,-1.0524235594473303,-0.5601400520595343,0.17032694173751373,0.7003510718418926,2.042096715871999,-0.07158468952769684,-0.6172506805721667,-2.8790091888978613,1.5784531988070032,2.0767775161971214,-0.8058665289205608,-0.30926259596123046,-1.3739951880944004,-0.3951813675365835,0.7575576106414081,0.35905543811333246,0.2902881123746272,-0.45386098248970635,-0.5417392677579571,0.23700881521730865,1.3090501354594282,-0.6234608411214716,1448.8460345060143,18.241278420956707,-7.8420489454994105,-1.0860290065558837,-9.708513277758271,5.523052781997644,5.045815746570666,-3.285362824150861,-2.320487373038098,0.6804018830732119,0.8237227703009163,1.922127453656827,-2.265825297164512,0.003064900511323614,3.451519371223969,-0.9490308805589188,0.22304348323507928,-1.6929020221494115,0.16559253533168838,1.432516160296777,-0.4486447424869904,-0.4849279529940235,-0.37003010458602476,0.022838102438178732,0.10332771896969882,0.16097854838725958,-0.2118287461775923,-0.037399821701752274,0.5657333658250235,0.09076995282677064,0.017031550063234095,-0.7963484375330612,942.5576454326826,14.854224209452356,-5.399681568041266,0.37996894880855114,-6.9703988144730795,2.5207414387584173,3.136208491819323,-1.6625243723510545,-1.1398008056304083,0.42352484192175127,0.5933090270088931,0.28827898000659585,-1.2195386670854151,0.3619092043680866,1.8893661502185255,-0.41613467270221405,-0.3816353951702255,-1.3492244112318896,0.7506305501183824,0.6908987938947538,-0.35233605519002453,-0.11451086662449467,-0.5215030620419209,-0.08634103375804186,0.29570249805205184,0.18458747269446327,-0.10389881498001467,-0.18792121874321843,0.08712134625523296,0.02688951903572345,0.529747948193865,-0.5335394642013145,2439.7033697693905,29.635789256919065,-14.777389061018459,6.877651053055407,-12.50249652449289,-0.02094205728900243,3.7902216915186258,0.12382668553248795,1.3249777998238395,-0.47291739903256846,-1.1296260462830412,0.1277572438468954,-0.033858193602167,0.2885337051918566,2.808080852938862,-0.3818403443175979,-0.18395361266371632,-3.014244899008092,1.2408191399409223,2.3468751396670524,-0.7264884513745432,-0.35586386697212546,-1.359375936436298,-0.5530170688086573,0.8294694411388137,0.2900509892522198,0.24746565205278923,-0.350889514172628,-0.410362478692667,0.1883706111111924,1.2051987407900486,-0.6908242498127292,975.6189939778046,17.480223756118484,-5.386030668704592,1.115600598873498,-6.260055997713788,2.0270236355332742,2.8141539521157357,-0.8910029647162003,-0.9172849085163458,0.038726978225013836,0.7422318615219982,-0.3632792308682666,-1.0252199832398454,0.8371982385794996,1.5140211630810272,-0.23198365628638062,-0.7607785454860743,-1.4678039104787746,1.0639479487850976,0.7086987711384918,-0.4440412180351514,-0.17089249558334227,-0.5577923669440008,-0.12577705748625975,0.3549382040685446,0.18309384320378624,-0.012905932038466305,-0.26453608189229644,-0.018849194906565735,0.08658596203272531,0.5855436841819758,-0.4938526157697646,,,,1.1197892873904598,74.487825,47.164175,135.04,151.79999999999998,517.6482601039463,654.0583567600006,9.909975102424252
WEGNBZYDNYIBPP-UHFFFAOYSA-N__OIZQUWRLBGUESV-UHFFFAOYSA-N,513.7857943764911,-2095.471532357441,-88.83814532972059,-21.827828462056672,-52.386788308936005,484.3261142329867,1975.3204464988205,33.36776135832711,20.576254651029377,35.27357940176465,-29.459680143504443,4070.7919788562613,122.20590668804769,42.404083113086045,87.66036771070065,0.5147577039655535,-2.099435458371349,-0.08900619716428962,-0.021869119358034882,-0.05248588645928371,0.4852422960344466,1.9790570871464137,0.033430881918655286,0.02061517799110847,0.03534030512761453,512.8157198415562,-2091.5150905981122,-88.67041079237357,-21.786615527063667,-52.28787726495279,483.4116622664983,1971.5908609702633,33.30475997538545,20.537404801773572,35.20697966018327,0.12454876205422515,0.07186281212301361,282.0455946953231,270.4489837076454,690.5750888533541,307.53681975612375,0.6918814242136743,0.3081185757863259,16.83677154553518,9.175823317510474,0.8349058131279737,0.45501289883904467,584.08,4560.0,30.709014387972466,-8.831694857179478,2.338904243760789,-11.915808116434054,-5.697816715372661,12.627192383075968,-0.6402850845900063,1.021666515046561,-0.8321332913236898,1.0731895223875934,-1.478805542831152,-0.7711405781853901,0.6284552577048312,2.7730603865930457,0.9093341562102304,-1.6799889771717693,-3.8069106703003674,1.7620594738940571,4.73119215913899,-1.7206271655698182,-1.0795122057772477,-1.7380260845276274,-0.22784866072257998,1.3562646375962641,0.9258181352160111,-1.1645326789235257,0.18730130160030461,-0.5535938329208553,-0.902410459898871,1.9936168621665675,-0.20254051462043637,2279.6312204184624,28.339712770433625,-10.158962743600227,-0.35508919898000946,-10.308423197788933,4.500773088516228,8.626987283773506,-4.788918218283987,-2.439200563742783,0.2494376474857971,2.238869211677959,3.3626279508561243,-3.003448212220739,-2.4906756818660116,4.131784025590065,-0.028748205571650948,-0.008508462429193536,-1.9723730644417083,0.24763899308187365,2.2354420856162607,-0.8973766053397881,-0.9783220445844051,-0.9254555088711047,0.3941338164904946,0.8043195241529046,-0.7042704556257063,-1.098551099134356,0.4275720363896742,0.6695318346599194,-0.6040749447561076,-0.07538121719810144,-0.3303233479793539,2172.0510810202113,29.53579830843853,-7.783402938318391,0.3890254807151776,-9.723289248704335,1.991647995994585,8.46864427470776,-3.0491587119646444,-1.6815575685099993,-0.008245054130850471,1.6153570373525084,1.4473514901460018,-2.4281846842951227,-1.3603454311870595,3.463935806647691,0.2606054440940052,-0.5167946412349929,-2.191823869131416,0.6406092626770608,2.1733718737230467,-0.7983315668927966,-0.5975973733195785,-1.2939639443530004,0.25870935863882427,1.018303275089803,-0.31742483284875767,-0.9713104726685021,0.22102634270705282,0.2413493954503273,-0.3744500951108495,0.31547048051493587,-0.3074711748733058,4677.966231488666,29.611495481247935,-9.882705769587343,2.505961699472085,-12.265455731754573,-5.405329749048109,13.354351107880507,-1.3434533475130026,0.8108661411500647,-0.7367108313906878,1.530478846588732,-1.0592903850699016,-1.0557325323845694,0.38597851809226524,2.866671395432771,0.8805430013593686,-1.3236774585699946,-3.6034198651843314,1.403154876637565,4.722814067795614,-1.6455360821156864,-1.3282473255012377,-1.5646677434304561,-0.2349487254446064,1.2362879116978038,0.8654022883016704,-1.2823126414399564,0.28331896814670865,-0.4211854826920305,-0.9444401398240378,1.9096370026544185,-0.28131651335194274,2469.475662351052,32.33781429214537,-9.016641216567827,1.1911396779501977,-10.162208681448407,1.5096015869959505,7.554442808193101,-1.9056553607838354,-0.8353578383558893,-0.8034203775459298,1.2965084204364739,1.1458378695702414,-2.317591122533692,-1.2273957268818982,3.8244026988804434,0.21187718216678061,-0.9955385681434334,-2.5627239728733913,1.2291761682589237,2.181940611467577,-0.8820781484864244,-0.3957284684842908,-1.62615449659687,0.29642219729686237,1.2436545764942826,-0.2057290512465107,-1.0458587327724582,0.19907440822317232,0.08137633379343567,-0.6140511509708638,0.5385012713674526,-0.12004792001728834,,,,1.7803863441347916,118.171134,67.002866,111.98,120.36,754.6695973850769,817.2141201260011,8.512647084645845
OIZQUWRLBGUESV-UHFFFAOYSA-N__WEGNBZYDNYIBPP-UHFFFAOYSA-N,510.83249251320586,-2090.5050805491974,-82.8581490783147,-21.77609458905414,-50.987928793882865,528.4870249373987,2162.7535969775863,35.749376650505894,22.528683301849856,39.32279267231975,17.654532424192837,4253.258677526784,118.60752572882059,44.30477789090399,90.31072146620261,0.4915066867658281,-2.011417129620634,-0.07972346105994557,-0.020952261766881603,-0.049058954380991074,0.508493313234172,2.0809323414638703,0.034396906870562016,0.021676378556915316,0.03783513348116128,530.9181796169147,-2172.702731544429,-86.11609151692429,-22.63232012025447,-52.99274954986412,549.2668797368428,2247.7920247753045,37.15502488956369,23.414500258076085,40.86894590500553,0.1241270329381245,0.07161948059777574,288.91384687292475,275.014691197018,768.0591530703574,271.26036438024715,0.7390019528877565,0.2609980471122436,19.600306627836186,10.372222837426088,0.8896920105796808,0.47081323601868824,584.08,4560.0,41.91286804527195,-8.077713386870995,4.450638116885441,-11.435479912547162,-5.757271505171441,13.204546632818907,0.7299767173781706,0.555883751433689,-0.8158446437557945,0.3656569544072923,-1.739953441796203,-1.5095380622975265,0.8494383173232771,1.7562859473214982,0.9639140227700868,-2.286288075833374,-3.9925771383688313,1.0254164104467185,4.393011462620059,-1.8455514277665344,0.05615604470587421,-2.216748114120402,-0.2382971175906508,1.8733903186133143,1.4277272602950821,-1.1806883849372911,-0.05493629012596721,-0.9341720721737503,-0.22077111615449505,1.5913699000057449,-0.4092906634467455,2279.6312204184624,22.743775744816904,-8.856220556685379,0.4441172335760628,-11.350570561842556,5.675716251698697,10.523277308684161,-4.116549427688003,-3.126004300044447,0.714834434155121,0.812055720928277,3.063309180221324,-4.298929888091304,-2.0237118955795497,4.429422800394169,-0.37306901809649234,0.17017801363226576,-2.086207095693406,-0.3922563266892744,2.4412510500644222,-1.424582283840363,0.10598267250275989,-1.0453429831175682,0.32051542240608083,1.2261054237720361,-0.30215423222159626,-1.0008755926819968,0.3666936656066374,0.530953757104592,0.04559874711515732,-0.06518442856331248,-0.6593835561352293,2172.0510810202113,31.749300793369535,-7.150036780670169,0.7874727055730409,-10.342703557834266,2.607626523568289,9.299888146612446,-2.3147024605377315,-1.8816017420648534,0.005926895371611451,0.936572435166602,1.4286446525369991,-3.1506032839812166,-1.020683657651754,3.1828173550201155,0.062216272901632404,-0.4630563878862656,-2.3588638382479576,0.07814040525335933,2.268887976589826,-1.1315190282519287,0.1634884136226727,-1.3976022166964412,0.2211207847397647,1.2360788088288719,0.05053120266686509,-0.7858103179522781,0.19861226073692886,0.1422071012450538,0.07056106755000255,0.21797020249205423,-0.5019303057091699,4677.966231488666,38.28578079368219,-8.389709690822725,4.920112899211262,-11.842127724059523,-5.359318389606519,14.347200939752891,0.10240089339487998,0.1043630227854494,-0.518060649190768,0.5046370992360598,-1.2970513112982363,-1.9760616039746601,0.7400091561112464,2.0146304004686355,0.8678040364186694,-1.9730369882971228,-3.861043156338135,0.7134938975028777,4.439486280934959,-1.7600080723502085,0.018469446468557693,-2.111514288046982,-0.24004547810607174,1.8756409219671233,1.3494980550067273,-1.409626036501765,0.06245823975438908,-0.8121655846302391,-0.18315656156727064,1.4586430028493385,-0.50778107080509,2469.475662351052,35.91329875176677,-9.004406899737855,2.0069587562904383,-10.765185582489732,2.0471721380611654,8.192329970249755,-1.1558081399259748,-0.963196978866799,-1.069420201430777,0.828115419354113,1.005741575837168,-3.0192407286741694,-0.9255950345929083,3.4013783496731014,0.15283769657155152,-0.9692561686284348,-2.6801654301465665,0.5866037543922962,2.223367339679654,-1.232027254864618,0.30555026338217794,-1.6943397978078498,0.2865093208861096,1.4300498182919616,0.21979925645639123,-0.7683326323780502,0.07711282234664897,-0.04560176639664207,-0.1600492420429016,0.49275505852827717,-0.311514281258017,,,,1.7564910431840621,118.171134,67.002866,111.98,120.36,754.6695973850769,817.2141201260011,8.512647084645845
FZVAIPZFBPWTJW-REZTVBANSA-N__JMTVCVJCIPCHEX-WYJDJGQOSA-N,,,,,,,,,,,,,,,,,,,,,,,,,,,,,,,,,,,,,,,,,,,,,,,,,,,,,,,,,,,,,,,,,,,,,,,,,,,,,,,,,,,,,,,,,,,,,,,,,,,,,,,,,,,,,,,,,,,,,,,,,,,,,,,,,,,,,,,,,,,,,,,,,,,,,,,,,,,,,,,,,,,,,,,,,,,,,,,,,,,,,,,,,,,,,,,,,,,,,,,,,,,,,,,,,,,,,,,,,,,
JMTVCVJCIPCHEX-WYJDJGQOSA-N__FZVAIPZFBPWTJW-REZTVBANSA-N,,,,,,,,,,,,,,,,,,,,,,,,,,,,,,,,,,,,,,,,,,,,,,,,,,,,,,,,,,,,,,,,,,,,,,,,,,,,,,,,,,,,,,,,,,,,,,,,,,,,,,,,,,,,,,,,,,,,,,,,,,,,,,,,,,,,,,,,,,,,,,,,,,,,,,,,,,,,,,,,,,,,,,,,,,,,,,,,,,,,,,,,,,,,,,,,,,,,,,,,,,,,,,,,,,,,,,,,,,,
IUUYQIFKOZANMW-UHFFFAOYSA-N__YGHKZPCHCNDLPR-PGPCLEDZSA-N,424.3693722739866,-1929.0391388746873,-86.41264576406607,-22.694578104408084,-56.73644526102022,600.613247918107,2730.1839818276057,50.30324916031073,32.119811550913006,53.53301925152168,176.24387564412046,4659.223120702293,136.7158949243768,54.814389655321094,110.2694645125419,0.41402591996579874,-1.8820213151645073,-0.08430644975021266,-0.022141427237229495,-0.05535356809307375,0.5859740800342009,2.6636392930408292,0.04907717279233798,0.03133693285930387,0.05222822143217312,434.97123112266485,-1977.2315910168775,-88.57146007298368,-23.261548129610322,-58.15387032402582,615.6181405731851,2798.3911313001436,51.55995612851104,32.922248603531095,54.8704143392185,0.11099571216040952,0.0645264350622015,144.0797869765067,191.90946999432737,749.2581959647509,275.7244242273428,0.7309960005217757,0.2690039994782241,21.076741042584473,11.147675045541757,0.8906849147000931,0.4710911415090952,501.2700000000002,3570.0,61.10399741197241,-3.0053297185026047,4.427544724904155,-13.139835999418587,-4.798352841027313,9.159203236007514,-1.5734442834621192,-0.7311895015335758,-0.7660975260936593,0.7012495382718127,-1.5568848384681797,-1.413479678262555,1.4158594344452482,3.1472331804755154,-0.32703656082557214,-1.3538799196562843,-3.1460058093420797,2.0798376855644514,3.065040093295203,-0.9580813763693685,-0.18351521746570437,-1.1370818747333054,-0.7060609099299295,1.8239065263674596,0.4177092244866664,-0.5451368058033148,-0.2689794353958273,-0.17991965691092487,-0.2851311391411474,1.295267204764567,0.21456227247624707,1548.8601542272158,42.79197469662846,-5.724796817400788,-0.38859460281859076,-9.31226098815734,2.9439080087456504,9.018395965702174,-4.608969625831643,-2.6837011100145505,1.339467093274488,0.5459727716301281,2.896437691615118,-3.189185832431896,-1.1364420902618133,2.977028895297384,-0.532193099501924,0.3035497934250685,-1.9485307205409839,0.5809356918986197,1.4662312267017388,-0.6605284353895612,-0.09952002185837418,-0.49892430485410744,0.218802438650948,0.5973521865022453,-0.32731763347291215,-0.2622866082006394,0.14859211161227748,0.34203723529741126,-0.01007440123209384,-0.03433280373935276,-0.33965834120308636,1591.7497870992256,41.67839902546367,-3.2177708468443793,0.44038464122104415,-8.842069903837654,1.7528076309857779,7.709252478519586,-3.463987726550058,-2.2163392943423554,0.5397267517048964,0.9347374632136687,1.4379800588474445,-2.5675016230578844,-0.3194189219753632,2.3442686581269356,-0.30025191955346053,-0.10941659077060467,-2.111445450914302,1.070285526630169,1.4926647745018822,-0.7633880158008771,0.09830500319621517,-0.7037350665330669,0.10257468119786353,0.787826194879786,-0.24201836207605357,-0.13807148086869747,-0.0624916627646132,0.13063802772910763,-0.08930927623840405,0.2910439435701692,0.0049637213721352245,3665.7374853391993,64.79917032140311,-4.337449044319288,4.582455509003055,-13.640386142370323,-4.928066025335835,9.967247004435222,-1.661346457048134,-0.9724371117246783,-0.44786437173384436,0.6661448563264094,-1.2014599772783445,-1.7568424187641958,1.2645250351116166,3.506758995525773,-0.42758223124056993,-1.1070067160703434,-3.173905770767512,1.8737391599061943,3.062687794123488,-0.768581186345635,-0.2508527345792211,-0.9993704235559182,-0.6762021914720217,1.6710568290656214,0.38559086330282055,-0.6316809269520979,-0.18913301669993163,-0.0625248089250162,-0.23685497969465752,1.1007159733230074,0.047755173069225616,1725.102249220178,42.32734180439658,-2.2163409834676666,0.9410218748950482,-8.965433314559524,0.9236455807849558,7.24299454991576,-2.942879366415011,-1.9066275601562719,0.14201368181138782,1.0539620306067174,0.6530856476597084,-2.179437833197332,0.099238206199529,2.148768411550493,-0.1944299378687939,-0.4246780898040609,-2.220583095640569,1.3538883439383114,1.6158656671385434,-0.8240506591349954,0.13920064031161525,-0.8425140746494539,-0.008175638161644787,0.9695836078496692,-0.14254531344828586,-0.11609625050362814,-0.1638932055762287,0.02359528995417521,-0.15430358904903577,0.5299498250331863,0.16648969082840115,,,,1.390486133829015,98.780755,41.433245,133.52,133.52,660.4062129458204,674.2315963000011,7.932136427058837
YGHKZPCHCNDLPR-PGPCLEDZSA-N__IUUYQIFKOZANMW-UHFFFAOYSA-N,363.7616910880578,-1657.7402077264694,-88.3427908222637,-19.50282597325258,-47.36400593504198,500.330144339119,2280.1120011501266,42.57647512612953,26.82484707235443,45.60224002300253,136.56845325106121,3937.852208876596,130.91926594839322,46.327673045607014,92.96624595804451,0.4209757298635124,-1.9184768791466946,-0.1022377335374198,-0.02257031622525523,-0.05481362511847699,0.5790242701364876,2.638738045734362,0.049273090406046036,0.031043977008639555,0.052774760914687247,314.32350731037354,-1432.4397787557944,-76.33628426836898,-16.852232691244637,-40.926850821594115,432.33119274153364,1970.2261640533459,36.78998453775681,23.17913134180407,39.40452328106692,0.11065651680557674,0.0643628347466353,275.2157857969108,196.2165747442989,591.909930073067,272.1819053541098,0.685008127383182,0.3149918726168181,16.051419466794723,8.802601562808368,0.8234858583868135,0.45159980517497855,501.2700000000002,3570.0,40.33273291259118,1.4323178336084548,5.282248108040852,-13.94996781596747,-5.269267250648727,10.161758893390594,-2.4258498944688114,-0.20055024660499898,0.12953071305448824,0.5250117825598907,-2.251364455296039,-1.766286617599206,1.4034112742086395,3.0755813225958604,-0.8412029998394287,-1.3444988803191051,-2.8162548078786926,1.7683781524499573,3.7457171937509286,-1.6997808390420834,-0.12339467265531333,-1.357218291741226,-0.8582517556388412,2.3181217063096056,0.48332003908370036,0.06708202082361828,-0.2199572793806155,-0.2582408342899405,-0.4343229341398201,1.467434437041039,0.019864094978662646,1548.8601542272158,30.011563325317727,-5.478693206634673,0.8625818191889028,-8.916488989740087,2.9350289265320884,9.17655619317842,-5.7087328691389345,-1.7905434592179288,1.7173576632838974,0.2279893301582734,1.9791350962997933,-3.313631772067426,-1.1403705028897013,2.2694653614816036,-0.6558726396694952,0.7176014799426789,-1.8834060997695334,0.5727109585334564,1.3841801069796782,-0.8246614968476642,0.3221358431531042,-0.3259682346359412,0.17106862728132247,0.6455967427522242,-0.22319547215869065,-0.049871464279444756,0.29473748293993673,0.1317890204950666,0.1859180712964185,0.102048851180403,-0.1473164758979664,1591.7497870992256,28.188501537877674,-2.8863502078330097,0.8986794935549764,-8.991762064323826,1.3339984539959864,7.989201663082644,-4.273604766102171,-1.532666791266116,0.9444168880225374,0.46265728174330306,0.6133326752007096,-2.7562216827087322,-0.24846999171798917,1.9515824381081284,-0.5351783499285984,0.07226180224926246,-1.9677832951133842,0.9503398728746264,1.6426150829801085,-1.0118480638896152,0.29823128446646563,-0.5739016551431306,0.010949548924340122,0.8844529144118768,-0.12394606707899504,0.09588409422617429,0.04180917559168099,-0.02787579531723454,-0.08465218606210156,0.40140295057123127,-0.015534609083514358,3665.7374853391993,43.933382904790506,0.3090668444499802,5.917016099110692,-14.287677655276665,-5.009991136710925,10.892554757097765,-2.6051644277286603,-0.3018302380947423,0.3950806274709749,0.6469041629019783,-1.8509027775889193,-2.0601698187539834,1.2029801029095868,3.2580478029393842,-0.823004994075842,-1.026631448424331,-2.871733653517311,1.580047899437379,3.6705482187486913,-1.5364925717486704,-0.10006060954878455,-1.2115156767500281,-0.8124702187668236,2.185398296692551,0.46096818125580197,-0.008597286661323582,-0.04388221179082536,-0.1561063170847378,-0.33695930263434337,1.3504872413555107,-0.060002508034147584,1725.102249220178,28.153736856479252,-1.7464203514727095,1.1025527520601792,-9.325359483522808,0.3483717204616115,7.619572444769254,-3.6752704295242387,-1.3022852701073127,0.5940192990897042,0.5469223142243823,-0.14522715147494872,-2.405397902322569,0.19944674979837107,1.8967790860310023,-0.483885989312508,-0.34392931439036095,-2.0252661184557983,1.1749962667291851,1.8811076511175189,-1.129495557645294,0.2469550194704741,-0.7417154132208948,-0.124174590026095,1.1142095015578513,-0.047519860561934496,0.16141938315670928,-0.0869950243546601,-0.13451196622980333,-0.19978364721990277,0.6116408350949989,0.05981452517665798,,,,1.520331894208036,98.780755,41.433245,133.52,133.52,660.4062129458204,674.2315963000011,7.932136427058837
AJLLJEGLHKXUCF-DJZRFWRSSA-N__FCFVZEJWRSESLD-RCYWMZLZSA-N,482.11064441127746,-3890.747592218071,-119.14678427075222,-33.832587758418015,-102.38809453205451,544.6882280848021,4395.763579371613,54.88979023916884,38.224031124970544,57.087838693137826,62.5775836735246,8286.511171589684,174.03657450992105,72.05661888338855,159.47593322519234,0.46952782801494386,-3.7892012705077516,-0.11603712027956785,-0.0329495762652848,-0.09971582290809873,0.5304721719850563,4.281036624714834,0.05345719761625315,0.0372264054323029,0.055597878243049785,495.03066609985797,-3995.0152408563513,-122.33978375074199,-34.73926296396828,-105.13198002253556,559.2852584593621,4513.565087058102,56.36077472912487,39.2483920613748,58.617728403351975,0.06294172035675083,0.041921864513160746,345.655495617575,73.25633189529746,652.1560471304056,374.6428253656739,0.6351351414567273,0.36486485854327266,18.984790975863106,10.07805238767052,0.8837757778565513,0.46915125900076754,661.0500000000001,6555.0,47.49210680735829,-11.345220175186276,10.555217792881887,-17.84782455175185,-6.6212053401946065,10.62675510151059,0.6653887717278278,0.9835317731908308,-0.8223837048300149,-0.19427284238282552,-3.388907211979842,-2.038648523916529,2.341983664193789,2.709631092063324,-0.37076085336804765,-0.4272236483153137,-3.8059324163786337,1.6507683564465812,4.403127162353269,-2.315770838360538,0.9786741299381237,-2.0670335736990038,-1.225647490268312,2.9096725395502987,-0.4402390985342103,-0.3041040011104624,-0.4506916240061556,-0.42973068329729824,0.7776450720086899,1.0798642825813791,-0.6374173926172066,3257.98415427299,19.258462937859136,-5.424528368872406,-1.443817677516538,-13.032772082083449,6.107449942307393,11.462077999623467,-5.213262623237388,-3.318877778205567,2.247899748925797,0.46948910215631967,2.5871469395505073,-2.9169417975818934,-1.6695667237017766,4.094479194680653,-1.6434125677398812,0.6147104737886911,-1.862229486126456,-0.1430358699308622,2.4234967964295957,-1.4161701515187985,-0.3623291351585052,-1.1163747785155194,0.17126371516405683,1.462728601442268,-1.0279903810665456,-0.4720685554249714,0.24020161058869025,0.29926930689129605,1.2835634723458307,-0.14758324971165837,-0.7990374410264082,2733.08181547744,30.636455083750896,-3.4917929907210037,-0.4555585371093718,-10.313011745494777,1.908373024542703,8.890136005122232,-3.4201009251228585,-1.596317804849302,1.2684607377174841,1.0436498884775904,0.24426665591682356,-2.363184542351706,-0.06147172773512036,2.5728762530593854,-0.9237809409008713,0.0051599748550041225,-1.5871455572237736,0.564043971039976,2.2002935447650427,-1.3424547509063987,0.005571578419431859,-0.8668817992125571,-0.25358538270172987,1.4369876423875998,-0.44306298845054454,-0.30024322397072695,-0.10093017357053263,-0.04915850326993252,0.7039493965979569,0.4489845098539093,-0.6032051929399566,7026.2881713930465,45.83784898470863,-12.826986456487285,10.700441846964738,-19.79051671356063,-5.963996129728752,11.642510057800395,0.10496716860470726,0.7614668587028387,-0.6588004518849555,-0.29632795158469083,-2.88374431599713,-2.5484987583647154,1.6072256137971883,3.5877566227137567,-0.7817851005948255,-0.05764378902789588,-3.9622920297880837,1.302018857577855,4.53942024343761,-2.2130508635828954,0.863223477863742,-2.0075696879110088,-1.1059815468680747,2.892400545770709,-0.6475931666868546,-0.38335621086225674,-0.3400079068583667,-0.21263968552084014,1.026935874865381,0.7017738567357344,-0.8284309794224775,2903.887327619375,32.47787842695472,-3.454315768942404,0.8764936467440474,-10.079641429422441,0.43603794189797157,7.970818850844783,-2.3925545092083595,-0.9968571194186557,0.6593811993883762,1.224070061132722,-0.8846355481513066,-1.8560523405105018,0.7250995040457616,1.9985697100944488,-0.5491993133933384,-0.31847460127285826,-1.6719675851058513,0.8210722332278085,2.3564008343706977,-1.4245884330735095,0.12573591261587808,-1.0147389659318322,-0.46457087176415285,1.5815644073520334,-0.33021996605024856,-0.2169220809541859,-0.21035103591072477,-0.28555321990671856,0.5440785095396216,0.7545251479030441,-0.4855027819342121,,,,1.4865878854965884,127.933064,64.99093599999999,311.2099999999999,311.2099999999999,843.8846142217204,975.2507994160014,8.480441734052187
FCFVZEJWRSESLD-RCYWMZLZSA-N__AJLLJEGLHKXUCF-DJZRFWRSSA-N,628.867129983076,-5077.121990274165,-151.78525263156394,-44.148886871949266,-133.60847342826753,621.384140942968,5016.708515953229,64.8219508471109,43.62355231263678,65.15205864874325,-7.482989040108009,10093.830506227394,216.60720347867482,87.77243918458605,198.7605320770108,0.5029925940545396,-4.06088128709808,-0.12140379790947034,-0.03531201119215722,-0.10686529702889687,0.49700740594546017,4.012560220984555,0.051847138534878795,0.03489182800856135,0.05211117170109813,786.2419285049547,-6347.6782209868425,-189.76970501044352,-55.19720192162472,-167.0441637101801,776.8863119472339,6272.146197936034,81.04372643050598,54.54040172118292,81.45644412903941,0.06291674452648477,0.04190522954804853,574.9886475036369,143.188420745147,792.5922139173517,457.65905700869234,0.6339463373072913,0.3660536626927085,21.1290472712389,12.805243914408557,0.6500308320924942,0.39395071864696896,661.0500000000001,6555.0,67.084049843114,-21.42811914504704,15.698184042838667,-19.28325998198742,-6.230428556981419,8.945349937520216,3.1251757365126585,1.2857643519586126,-2.002520869581972,0.507102172472336,-3.515297748299875,-2.104971976388272,3.321502452632924,2.9113390518422677,-0.019791195524950664,-0.677425831555232,-3.6873957225153555,1.5360331063682495,4.168694868383374,-2.066866882119014,1.0057066442382239,-2.466335535792917,-1.4095805632960676,2.749978806480612,0.009344529926273354,-0.9101113516954898,-0.3708504068910067,-0.6244295399080924,0.5480249827740835,1.3069488951257697,-0.8768288332463267,3257.98415427299,37.562943012142796,-9.544470154920848,0.39512617925675453,-16.074661760842844,6.579137424206163,7.873944768131304,-4.3516595800341005,-3.4736509633104915,1.6759881924356355,0.2665150929300084,3.650755829613419,-4.232157872309583,-1.275509012441949,3.6286604019810964,-0.6029709440579781,1.429445760687218,-2.410082424190973,0.190460057885864,2.1165055279504728,-0.9085873546367814,0.36476650457341636,-1.0887422789752306,0.12565190645662,2.1085862739114485,-1.4580437376789552,-0.5208739703039023,-0.049800076933581135,-0.017346272209324515,1.1704207194171012,-0.506709670442708,-0.8104700833391476,2733.08181547744,41.95425321368991,-8.893401269444421,1.3700906775159165,-12.038313840037768,2.0946818405057175,6.6554685854210955,-2.5012296923410555,-1.6062834668832766,0.5911031383319355,0.6267514148451222,0.5739001514934384,-2.8584171947291197,0.25430067210460666,2.550479059547176,-0.5821637629103632,0.5446567523738658,-1.8614106805536625,0.6785318481259378,1.8682564895065685,-1.1873971820600593,0.47427770547848613,-1.0648708950167753,-0.31368209717902235,1.5337077259237462,-0.44570959811373123,-0.405500983557161,-0.25190190935821843,-0.14483799435319686,0.6293662866495092,0.30925724650754854,-0.7551666910531124,7026.2881713930465,69.95684563863254,-23.2944654113609,16.736509023274508,-21.27253575288789,-5.888724389255988,9.464272679285827,2.7713078569761147,0.7812819893312082,-1.8351140100600492,0.6137312288178348,-2.693049339998816,-3.0084184436921557,2.9100713372782123,3.5890917413633496,-0.05023428268472823,-0.2601786280748477,-3.9951532598798885,1.2098082403880588,4.273810887222271,-1.782389266327687,0.8064417479262298,-2.378493896137028,-1.2856686644182578,2.8450495449805726,-0.37938187265481393,-1.0743426581644502,-0.249990816302753,-0.4626411382108383,0.7909858063573064,0.8778096364876247,-0.9828639248777911,2903.887327619375,42.51676372507151,-9.374960551912285,2.6896847785420266,-11.66976581962988,0.840039431522672,6.16691453160155,-1.368036054712363,-0.8124502861411357,-0.10121568054621916,0.7715524075884571,-0.7655312154360877,-2.109826863452602,0.8910336240404044,2.1077006343209583,-0.3879698074572113,0.19499509619450764,-1.8815625872873718,0.9599727817189029,1.9628321066211627,-1.384444308294295,0.6306896977139657,-1.2781165580480738,-0.509557401676898,1.5648879854909636,-0.20781816315559865,-0.33399276866785926,-0.3233151514387521,-0.3093004977264942,0.4323136204071419,0.7128869359993971,-0.691693254890915,,,,1.4681735973816794,127.933064,64.99093599999999,311.2099999999999,311.2099999999999,843.8846142217204,975.2507994160014,8.480441734052187
XMXMNUJOMRPEQS-UHFFFAOYSA-N__JIORHNILSCVUTF-BJTSRKKDSA-N,485.0489342306064,-2466.413340534908,-79.05679267354404,-21.4470725263905,-61.6603335133727,531.2144337520185,2701.1591483422817,27.184174168682087,23.488340420367663,36.01545531123042,46.16549952141213,5167.572488877189,106.24096684222613,44.93541294675816,97.67578882460312,0.47728664587553976,-2.426943072277576,-0.07779163862855645,-0.021103852802413697,-0.0606735768069394,0.5227133541244604,2.6579322185983427,0.026749143012647542,0.023112454074768193,0.0354390962479779,492.9374635375787,-2506.525528289282,-80.34252238431996,-21.79587415903723,-62.66313820723205,539.8537695658093,2745.0890935514058,27.62628039649113,23.870339943925263,36.60118791401874,0.07583917042824517,0.08205928094630797,279.68660063604636,0.0,834.7805146614382,181.48285332118672,0.8214214355856923,0.17857856441430797,20.055177567684975,10.299807192838857,0.9471410670316945,0.48642652711113377,641.3700000000002,6555.0,16.055688625423116,-14.572051996577132,10.971988727906023,-18.74179875467885,-5.8897694358406145,12.652763707358574,0.6995845762550975,2.140128896688251,0.2181030309457147,-1.7617964559695107,-3.8285146879383376,0.5713057819097453,3.422417697061886,1.3785086234945851,0.3826617485050619,-2.888360233825815,-2.9876250444650108,3.791351651481264,4.193268763675986,-2.451617215691298,0.9332219246389294,-2.1644035126904733,-1.481656033233777,2.9942647318185003,1.219560704999427,-0.32802499533443163,-0.96062810631624,-2.3048527691937197,0.619921917704332,2.570470068937475,-0.7642766073037068,2871.285897500555,20.095228606601697,-6.390166190818773,-0.26880327090503525,-12.529288940048444,2.6100499930492638,10.888685491648848,-6.897186435000691,-2.988414623935921,3.0418906786717113,0.8696035029991729,1.6757439090543593,-3.425296861006164,0.7274972655573752,2.4924296972778115,-1.067045363112507,0.4438094307299593,-0.7733086205999329,0.24983134021276468,1.3007686104301652,-0.7892401228533122,-0.13274893647635178,-0.4976670760347717,-0.9755964355848651,0.7970157829183728,-0.1796546910345555,-0.33846608754820745,-0.21460620569480587,-0.2300363618578879,0.09520013424212306,0.6424627394519957,-1.1048066800419938,2630.0836530805254,16.26389819027498,-5.238932969148823,1.2368053790480766,-11.06843593420427,1.2977020409680697,8.861217151192417,-4.092844831565266,-1.1586799842862936,2.0910923209317223,0.8847176037087564,-0.11839040685570562,-2.219597928026836,1.4898505600444658,2.013678228714055,-0.8247419866815553,-0.3633789966182501,-1.0090695225611375,1.263399414079478,1.3920717563092067,-0.8141423112915308,0.3914041315847504,-0.848326054968613,-0.6834432429393198,1.042512613799,0.24904700332706484,-0.15196343741396862,-0.4852291163500411,-0.6808802099796211,0.305319871063145,0.8876123113825267,-0.6420503103647037,6867.067459043918,17.155795336329035,-14.941402394142116,10.716482520940234,-19.568096490920187,-6.316674578312196,13.899656978793159,-0.332882303509889,1.1433615723423056,0.5705607420001372,-1.3754886063901925,-3.403901138999506,0.07140077265141485,3.240585962438249,1.6584243542105694,0.09641828551450551,-2.6211878978885035,-2.8916525752481426,3.3439564099550063,4.151669697450325,-2.306975978596965,0.8789109744669477,-1.923271786633374,-1.6488497367507025,3.010187709571364,1.1371780751633462,-0.41566541982211475,-0.7823707809989668,-2.1614287066537035,0.48435031523404126,2.530812039087455,-1.0304454332626631,2880.6882960462835,15.837778437795281,-5.705215253320799,2.952065526245446,-11.576204010077964,0.7197637996681362,8.29943018165939,-2.6984982348018236,-0.12238825276013234,1.6633991086478044,0.7898284416522079,-1.2953259802301667,-1.4043899124959531,2.0846602370485345,1.6674793807583188,-0.44451852417227156,-0.8493933551770968,-1.2921228548222314,1.833159048091043,1.6346093234832748,-0.9739857373799333,0.46209618617754517,-1.1739753980976897,-0.6856600774506825,1.3307359709369202,0.4473786752408985,-0.1789591344764312,-0.6108945602312379,-1.0003971452101925,0.42061238918463084,1.101318976293327,-0.49225724991102554,,,,1.531954536990356,127.433443,69.90055699999999,135.14,167.23,830.80954988585,916.3580726520015,7.968331066539143
JIORHNILSCVUTF-BJTSRKKDSA-N__XMXMNUJOMRPEQS-UHFFFAOYSA-N,526.890924040481,-2681.2800320407323,-92.4972726549131,-23.31547853948463,-67.03200080101831,543.539162302334,2766.0007717297954,29.965536370459365,24.052180623737353,36.88001028973061,16.648238261853066,5447.280803770527,122.46280902537247,47.36765916322199,103.91201109074893,0.4922235751431779,-2.5048623597655757,-0.08641131619434883,-0.021781411824048483,-0.06262155899413939,0.5077764248568222,2.58400880825388,0.027993922025153755,0.02246964181090331,0.03445345077671841,563.9998973138976,-2870.1228162066272,-99.01186355447354,-24.95758970614458,-71.75307040516567,581.8206724339888,2960.810444907018,32.07601168433958,25.746177781800156,39.477472598760244,0.07577962009080681,0.08199484645890782,336.3302057958354,0.5762167057441678,808.8800706955484,261.55001564726655,0.7556589458907428,0.24434105410925713,19.577237098096465,9.868660786219943,0.9837785006688087,0.4959114640758224,641.3700000000002,6555.0,42.0581968341434,-18.527504367470037,8.873206837882003,-20.70014457115119,-3.482032285648701,11.646538475349416,0.7601605528479588,1.4622983074166922,0.690387599418442,-2.985624709360206,-4.617142490580304,-0.0788216992156251,4.4308460549840145,2.0406778023441015,-0.13462778103115564,-2.6326305653549396,-3.772135820216752,3.786075754799676,4.732686745117847,-3.0944677360836534,0.37127250704638093,-1.948988756595434,-1.2367074545531562,2.7384450982979462,0.8965373209049134,-0.2024525167925214,-1.353447610714772,-2.1514205956456185,0.22883064299024414,3.0841714585480164,-0.2755482561419714,2871.285897500555,31.126791206032923,-7.748893381360172,-3.6207130204447817,-9.532330227566238,6.026860558911803,10.681705987082966,-7.2885262690357315,-2.1069308721550213,2.1729945256816614,-0.06434062182033819,2.112619699207979,-4.185165806144658,0.2781007841528841,3.056059227738464,-1.3927505218463176,0.7531761556386904,-1.3202995220856983,1.1972067749745077,1.7299478215655508,-0.961122653715672,-0.13534345456653973,0.10335681052826234,-0.25437776561418124,0.833760208972834,-0.33403091950698166,-0.34214878956032974,-0.19197313212223574,-0.4860303498413922,0.26945439979012364,0.9269288481439636,-0.7372349058621341,2630.0836530805254,28.031708902039124,-6.581621588688949,-0.9612118608437941,-10.269074209365881,3.789050286238145,8.772575813670782,-4.764280164289638,-0.8242194763605033,1.6408387123455581,-0.019528556369166568,-0.286031286707597,-2.842851146692439,1.6491685394110094,2.2081288885578907,-0.9570797590849153,-0.22755000504601108,-1.6884731067187941,1.730162365962168,1.6964098255083182,-1.1388804502651801,0.15514481969447372,-0.487360121105006,-0.33582535138371317,0.9143852435457644,0.10569817609734138,-0.04074895155594912,-0.47662703419657393,-0.6930188045325831,0.21084043422301746,1.156108894788603,-0.3619256425780459,6867.067459043918,43.371277472351686,-19.711647103496976,8.477806349762028,-21.42173440795504,-3.7359887323477987,12.933378535097704,-0.13882223832332216,0.4242734643135819,0.864991571530285,-2.7517801395106187,-4.158512979780189,-0.7777327329693001,3.9339633139472583,2.4837906216564725,-0.357580077123235,-2.1471833677978984,-3.6248607108902915,3.588787972427151,4.787273282631179,-2.896156336682057,0.24861611498915062,-1.7796038583850629,-1.3093848944612634,2.844097733330724,0.749500260978931,-0.47128186583773846,-1.2290514105479886,-2.06402284687597,0.16570106426190978,3.0820647422923892,-0.45651743788255233,2880.6882960462835,27.294060277448242,-6.848169583517712,0.13659728984797562,-11.068794672372288,2.9157565244128327,8.030447938217476,-3.481569181885014,0.02370960703225938,1.3135799008366364,-0.16245514602667893,-1.5142981058649898,-2.0974186396294408,2.427331644817677,1.9076350591000435,-0.6851685295582133,-0.8355075398524111,-1.9348924926439581,2.1065134401999868,1.945997409986358,-1.3439583607853989,0.1817440133152957,-0.8295141700735121,-0.4293905153514456,1.163415934357126,0.23146930005473218,0.06477217275870092,-0.6001143279749924,-0.9212016920235552,0.21825888303089405,1.3895525257491153,-0.2331992233565877,,,,1.4947449076237211,127.433443,69.90055699999999,135.14,167.23,830.80954988585,916.3580726520015,7.968331066539143
WKYUIZCNIYMKPR-UHFFFAOYSA-N__NOGXNNJTEGMCKF-JJZMVWGXSA-N,475.87296426247576,-2235.4009895106356,-83.48088909210759,-18.94407618229352,-55.88502473776589,639.3594835660747,3003.3747019683587,35.653408992645836,25.4523279827827,38.504803871389214,163.48651930359893,5238.775691478994,119.13429808475342,44.39640416507622,94.3898286091551,0.4267029399916041,-2.0044260672859235,-0.074855147242758,-0.01698666158716884,-0.05011065168214809,0.5732970600083958,2.693048169299751,0.031969486775663636,0.022822442112709753,0.034526258580766044,530.7089707898693,-2492.9917174103107,-93.1005962890949,-21.127048452629747,-62.32479293525776,713.0344418997914,3349.4609206225164,39.76183858430088,28.385262039173867,42.941806674647644,0.10813612159570664,0.06506392346096111,332.80069746759295,19.606312386898676,850.0234590406534,265.20898878789706,0.7621939809012184,0.2378060190987814,24.822205637554106,13.267270710448512,0.8709353400021916,0.46550798489977285,630.9800000000001,6903.0,42.48298575335296,-21.41865470103375,17.485332997500162,-19.218780684223667,-6.203700382850566,7.471746661475148,1.4062869745707436,2.4268599550167256,-1.4043769605780374,-1.3185537181798144,-5.3351803316321025,1.230109792261707,6.115498940984651,-0.5835821550840882,0.8241422641061573,-3.6815354110374003,-3.9189995438071787,3.3861094478349445,3.5694099320008315,-2.213346570827583,-0.7046747542951121,-1.0249277667262995,-1.9679284019194805,2.713327802916327,1.2733607546873555,0.43779934225097655,-0.912144029030996,-2.6407027407677157,0.5474590316097583,3.638477418988687,-0.5251860520946626,2651.741117262868,33.745864083632114,-12.245215166162803,3.263986173650121,-11.937151052732759,7.781011182342701,7.107146229769892,-5.658553433910787,-1.4835107068447049,1.3520578949137028,1.1052206012590085,0.1488618475922406,-2.906358666503183,1.6571774720456232,0.7829017941272088,-0.5863501082261594,-0.5488465662151819,-0.9502309243820929,0.904614585689416,0.4999153255912827,-0.014972135679612895,-0.3230526942276375,0.4736149018527541,-0.6135401910352357,0.133813312633787,0.3968392461399743,0.13574965194109534,0.0862765636026806,-0.5990629316787098,0.18044853155662488,0.8778618599248538,-0.629923313045099,2597.5608252952597,36.259971217844516,-9.792704052151622,3.660001141031431,-12.082628105561223,4.255484695025805,5.64403814615925,-3.648381175285138,-0.10649141825646205,0.5077154208149243,1.3982969014570916,-1.8024007752574895,-1.8792786752052886,3.23811311664935,0.27039736860562236,-0.300432794128809,-1.481653505710344,-1.0975293154990842,1.7676679238312185,0.5792972149267238,-0.607161654416119,-0.033488771228106555,-0.04048901248143097,-0.7543421088290043,0.6409555297755765,0.6769288578987974,0.20699798964070262,-0.2793273724930968,-0.8027476116761149,0.08774973690478478,1.5317478253006223,-0.5993650104404387,7069.129821487017,42.25039776080069,-22.589892669458663,18.694199170100006,-19.43642194395583,-5.889956725135388,8.354127298854767,0.9349105712805921,1.7095835572405769,-1.3776146258083524,-0.9629957021540904,-5.116961511732278,0.6301942791523979,5.946436502894926,-0.36941576060966796,0.5794736472010006,-3.3345714697015545,-3.8380629230517713,3.022926963472878,3.571622988677235,-1.8093353870301556,-0.8264487919161608,-0.9290957403395443,-1.878754486057263,2.5855357608500933,1.2670766593576852,0.3465846373308622,-0.7925591665094204,-2.482725930232831,0.5520162662082662,3.3671326994420174,-0.4830419930184245,2969.530340120981,37.44376401196916,-10.440039285526561,4.921257030415882,-13.118159371106673,2.986966406064236,5.225257118135194,-2.3218289494416138,0.6730025660373276,0.10024867582074751,1.147265394826799,-2.7630148496545113,-0.9691272648509809,3.9020634909695837,-0.03158752875465805,-0.04506210716737105,-2.0470714550477793,-1.4205969554965747,2.2305277348974,0.8597107786910173,-0.9146921417610983,-0.046657041550834576,-0.2718426096206414,-0.9295255683898705,1.0306576229391653,0.7049797290301358,0.26299278512339425,-0.3931448938513962,-1.09456875146938,0.06514513415163452,1.9293594384122155,-0.5483638776474259,,,,1.253603464557268,129.365994,70.602006,102.29,102.29,805.6683818406434,880.3495724360016,7.460589596915268
NOGXNNJTEGMCKF-JJZMVWGXSA-N__WKYUIZCNIYMKPR-UHFFFAOYSA-N,400.47397386055496,-1879.3562924157254,-76.06862074996305,-15.926748240811229,-46.983907310393136,600.5325694588812,2818.197278423181,34.114030108741225,23.883027783247297,36.13073433875873,200.05859559832624,4697.553570838907,110.18265085870428,39.80977602405852,83.11464164915186,0.40007128478155984,-1.8774665410114055,-0.07599213137779502,-0.01591073339840174,-0.04693666352528514,0.5999287152184402,2.8153634931074096,0.03407972738681183,0.02385901265345262,0.036094403757787295,400.8770682635523,-1881.2479459366966,-76.14518711199764,-15.942779202853359,-47.03119864841742,601.1370315047739,2821.0339160666313,34.14836735784622,23.90706708531043,36.16710148803372,0.10824313720015434,0.06512831318563557,293.3573566772722,56.22173898379534,740.998898485154,260.0076448342821,0.7402538009671034,0.2597461990328966,17.985565973207535,9.64651511222779,0.8644625301430646,0.4636524017871962,630.9800000000001,6903.0,47.29153535155061,-20.124465597514096,18.38516488577427,-18.35903763032454,-3.883448610350783,7.234898965389791,2.544423878957403,2.881032313378483,-0.8221070057088923,-2.4788036340568302,-6.829072747277207,3.3867551714337143,5.04866978599881,-0.10301678250513849,0.5424461467282777,-3.08363670767135,-3.381424083468339,4.147890127088804,4.440732124430199,-2.905737794232963,-0.3012887975076146,-1.1078440653695498,-1.6671286555163074,2.761922425474181,1.6154439631240938,0.24316278580958584,-1.2893713335475407,-2.5250031672750866,0.3943331955734306,2.861735856648924,-0.29147146571781457,2651.741117262868,28.991839569172093,-11.216105328285643,2.1145114550092847,-10.970528009164829,9.133429189032686,5.2155681149519735,-6.519112727943211,-0.9638607507905186,1.7861275440525217,0.8735832475371101,-0.15749333626108053,-2.0189054027021407,0.9057948018928129,1.572617289013891,-0.8702569447784613,0.04036073653735405,-0.4430983286400509,0.9123493296852905,0.8498820604523655,-0.7823406382033865,-0.5538377150950219,0.31907327245978195,-0.40894582793682127,-0.3204845930806617,0.34494196471184946,0.12767255865520355,-0.3699208566585419,-0.35546365088025905,0.07867132483786753,0.571062313881257,-0.6303152192560904,2597.5608252952597,35.62265253049474,-10.173742542439134,3.3342046962425056,-11.422170736591848,5.326301870353923,5.194044782935536,-4.017739614615458,-0.10907112299222259,1.0358683932687296,1.373265207040256,-2.3401254107207303,-1.150085240890564,2.719446347077023,0.7540759736955459,-0.3631008388603132,-1.1709238851175867,-0.9107375423011792,1.823288502441775,0.6711157566831328,-1.114111322113955,-0.014062084512208367,-0.06285925331346542,-0.5484971723552928,0.4682771583042626,0.7219679335405667,0.2369001565357416,-0.6813333025353736,-0.8655157785715432,0.0997347761253925,1.0417077650345707,-0.3748656234290724,7069.129821487017,46.238428190007674,-20.537733219626624,18.644538432069563,-19.05452295954095,-3.1275830617963614,7.4767889715027,2.128914433642038,2.398078445875353,-0.6013075508509974,-2.1491557844117617,-6.459748493875072,2.877636585243539,4.496903303002673,0.2923458534795665,0.1586326942482008,-2.6780652616430793,-3.27562554033128,3.7078794323878683,4.478340774129701,-2.693499644184696,-0.47129447801995406,-1.0225740705289084,-1.7339161878076776,2.5142386266284658,1.51795246372335,0.1696906173608122,-1.1305893534323777,-2.190457957126711,0.38388089636805117,2.671019572258829,-0.38070696459123327,2969.530340120981,36.288923814478885,-10.844926836233407,5.102827746942136,-12.24729014574277,3.934970322323943,5.027145771042668,-2.613396016975583,0.5686824766661561,0.5069585067980862,1.0539005268897976,-3.4705810505214254,-0.33665596604855774,3.5496983356456764,0.3583325890994516,-0.0668809425566276,-1.6867578350329553,-1.1614760032874452,2.389737565650747,1.0658267004609634,-1.351847758938425,-0.012906299487826145,-0.3171835406739915,-0.6877238968111133,0.9198186138764146,0.7990449143064,0.30184504494853365,-0.8664078032022497,-1.2573847378415515,0.12571950854403002,1.3298542590391602,-0.19068075155851225,,,,1.447742680422532,129.365994,70.602006,102.29,102.29,805.6683818406434,880.3495724360016,7.460589596915268
WNTSSYKPFJQYCV-RBNKKSKXSA-N__UGUNVVRIZFUPIF-UHFFFAOYSA-N,569.8618781104399,-2969.0527876249494,-80.25430354499784,-22.157110355410076,-59.38105575249901,680.4490326827131,3545.2259133778657,37.40336587983291,26.456909801327356,42.20507039735555,110.58715457227322,6514.278701002815,117.65766942483074,48.61402015673743,101.58612614985455,0.4557761379119211,-2.3746515862534436,-0.06418747757234826,-0.01772128049442869,-0.04749303172506889,0.5442238620880787,2.8354754667612228,0.02991525192410385,0.021160264677322557,0.03375566031858599,712.504523846561,-3712.239095088301,-100.34283136041643,-27.703276829017177,-74.24478190176605,850.7728498018431,4432.634640722968,46.765836459943436,33.07936299046991,52.769460008606764,0.08922646133196022,0.07823446615592103,138.82846864644756,0.6039128613773371,1076.6041696435263,173.7067411496266,0.8610691631576394,0.1389308368423604,22.609294187475996,11.52299788145821,0.9621017395010438,0.490342432368315,738.3400000000001,8911.0,70.3052755060139,-22.668357971297304,9.165732254238439,-19.716349820041355,-4.457213968919021,4.600061419151718,6.249803277738428,2.569259561074549,-2.8872497270236086,-1.2502567976503118,-6.72203092466794,3.6226237082494763,4.5522957447799675,-0.6187683036293664,1.5016831774000894,-3.931776306598988,-4.00247251001286,2.4764026466813456,5.239043207181735,-4.131050271089868,0.13326222609141686,-2.5641694268393915,-1.0814096351081839,2.7462910385223864,1.4200980231157199,0.18895633946417598,-1.8595331073074821,-2.702926139128869,0.5152354059995553,3.355148681104603,-0.027337087118553156,3088.747343566246,48.28034771833929,-7.786832587031544,-0.4239342052168721,-9.951810788663998,4.775194428175106,7.160151280087524,-5.136621726752736,-2.186205727314353,1.7144330608186336,2.346126863013871,-0.3120452091909295,-1.844230295819383,0.8734560763028663,1.0247218826856377,-0.32196512767919594,0.26485947693527556,-1.202782502461031,0.5525210437356431,0.7643514464267174,-1.0983858293376496,0.2047539777453847,-0.4460293931701947,-0.42850534213312025,1.161986471493522,-0.0014451958032122762,0.2738979737734679,-0.32010527959722895,-0.2644110351466009,0.2674307762895305,0.6759163601149379,-0.5975551522048528,3192.56052454173,41.662247578112805,-7.867586605525788,-0.04774405918060244,-11.341465950247564,2.3440372286866165,6.059207082215902,-2.6202858225552985,-0.7644405290071641,0.46475443511095826,1.5078526497235625,-2.0536370205000836,-1.1192796543692691,2.2523641677554394,0.7692138511169239,-0.2947810523554604,-0.9056023009359735,-1.4609162413858299,1.2790365286730023,1.3005676097875634,-1.398340667939712,0.2245079922426466,-0.8587579736087003,-0.6172546079348102,1.1545322528204771,0.3635383021368789,0.21784619335665154,-0.7355562547874799,-0.7366082490485139,0.2254381260411464,1.2230885507662703,-0.22233282395698217,8994.177410803182,70.87976936339537,-23.360935400384946,10.387823224896998,-20.571012237397987,-4.467741547525507,5.407571671355339,5.802674744735526,1.764407200978131,-2.6226169152003274,-0.49162424282698625,-6.709451140879793,3.3249152363854146,4.173663698852744,-0.4764283739801698,1.4650212273651193,-3.34922655650632,-3.9142350576672924,2.2746421505711516,4.975429765404446,-3.8905671776061626,0.07512917553323055,-2.5305394137085537,-1.1004664222741352,2.735577942054941,1.3957427931964936,0.0017956859707162307,-1.5927106069774215,-2.470527364267107,0.46761103934171633,3.117007285976468,-0.15531486246652984,3739.2430365132363,46.79217311817578,-8.721321750080557,1.0433835888191676,-12.467332411517143,1.3956827189707166,5.4639818774743905,-1.020662988338329,0.12189204844744837,-0.29109512664371456,1.18001064449838,-3.1315385647304677,-0.287268641669871,3.02361251537272,0.5106925436791424,-0.19159766500632935,-1.5539693370552508,-1.7802257427636363,1.5435126113130009,1.9221067271769556,-1.768067651717063,0.25923678332106975,-1.1586436214027667,-0.7307844740893725,1.4843810396265742,0.4783156611230517,0.25868777387782327,-0.9553472207785606,-1.0828948679582762,0.21316148592963727,1.6705704861730937,-0.07129319758342596,,,,1.7173108407924522,145.076717,80.147283,124.17,124.17,938.862150626251,949.455040548002,7.085485377223895
AXRWQAUUTZEPPM-SHABUIRWSA-N__FDGJGTBCNSVZNE-INZUIXSESA-N,439.5185123347167,-2291.3715249126144,-72.32141382060205,-19.584372007800127,-61.92896013277337,594.9663949069434,3101.778462818118,35.5838981810694,26.510927032633486,38.77223078522648,155.44788257222666,5393.149987730732,107.90531200167145,46.095299040433616,100.70119091799985,0.42486701280799194,-2.2149878735517796,-0.06991055482234064,-0.01893152028676735,-0.059864537123021075,0.5751329871920081,2.9983796197555637,0.034397696797674834,0.025627176237227038,0.03747974524694455,454.67526746357186,-2370.3892594054073,-74.81541106779123,-20.259737259875276,-64.06457457852453,615.4837558472142,3208.74300539258,36.81100560914025,27.42515389224427,40.10928756740726,0.11723265784731796,0.04373449030881759,336.6560554516906,0.0,868.3859759180029,166.09893132365727,0.8394380332077134,0.16056196679228676,17.586613543744395,9.360490638161918,0.878813218619682,0.46774911412712145,655.6700000000002,6786.0,56.653341860625495,-15.92057045313874,1.0282017846474625,-21.47372801856082,-5.254011342135367,4.649922333269744,3.8674245119662047,2.347126405564065,-1.2630451891098922,-0.8980854988984465,-5.303620580294366,0.9485987516963585,4.714466564342508,1.2585640811272099,0.09142799557943074,-2.3720516335925717,-4.579274512474081,3.6681391329512714,3.7497110708111836,-2.11504583431618,0.0777267117577671,-1.751594221904119,-0.5293926505805304,1.4709546797245947,1.1604118201942877,-0.010384690496787405,-0.4994596049042693,-1.5732469469582155,0.5736923288700361,2.2183053151087284,-0.44000967332083046,2778.3237899047654,28.230343548351215,-7.319264390630276,-3.9443400709922702,-11.707787524848193,8.439258050625309,2.554557029710125,-4.826813598092619,-0.7958838222013097,0.17070555211237787,1.8185766375270018,-0.10805213731202624,-3.154896219432239,0.8606680319379405,2.9109704873920235,-0.6566996420198895,-0.37853291483462975,-1.2571083614558056,1.249823839097793,0.9706350315304432,-1.0094853542191284,0.5087673817933405,0.03937787607739494,0.1582044554488662,0.4855536048702845,-0.38030243824034893,-0.15857797741091567,-0.05084328416339278,0.4244903643117319,0.3261008570669598,0.15474832913612707,-0.4527213006276223,2633.6881274631432,35.221514708463054,-6.483476535790725,-2.341677485091694,-11.254615742017403,2.524150053402268,4.016163585951485,-2.967841928872747,-0.5256436270041187,0.04306031926181707,1.2980947923122388,-1.6341244145122742,-1.910403352355005,2.1254647879805137,1.6372431722682668,-0.7211376668585565,-0.6852729355150771,-1.3162558643745752,1.545497531909349,1.0617973789065265,-0.8160851319237052,0.4083633988538713,-0.5160548617723766,-0.10925538909110918,0.4974104176171159,0.35822413643993706,-0.19067168420628025,-0.20058631757686873,-0.2531351390580916,0.28287694667297947,0.8940431234302836,-0.4540583944836524,6857.786576674592,55.83852645570653,-15.560455785440896,1.09036860741269,-22.421423924499212,-4.672299801654311,4.656051659117922,3.3409775340384447,2.0447594558823994,-1.0417150633256722,-0.6276034066811226,-5.152641965742753,0.19509055652598947,4.51925669671703,1.7331620179576557,-0.11003054183195413,-2.0509219201076094,-4.471468377903635,3.4484440173967315,3.7411200316925477,-2.0481576306515006,0.1619071011009209,-1.6827968393610258,-0.4690717183734448,1.421274196241798,0.8988798812173032,-0.11065476358388007,-0.3239089730507357,-1.378633353157598,0.6000258864431726,1.8698973217466905,-0.5122039765468,3139.5691313295583,39.280562897831764,-7.845337290254874,-1.0309167367701138,-12.531961811676343,2.1572765890765053,3.3349018001372603,-1.2896071565859002,0.19475969467876011,-0.5616503137678961,1.0880007425738953,-2.377216121844438,-1.030805993316821,2.47466662675075,1.503901094767233,-0.6513885380459591,-1.1521523874810935,-1.7277283336799212,1.9182289455160904,1.3218632351144277,-1.1132461994839997,0.4051776982443343,-0.7832385776204872,-0.24014353607699376,0.7876603885767841,0.6446833204385921,-0.1336534980411862,-0.2978841995738855,-0.46324227461536155,0.26826403924974945,1.2560960700237338,-0.37810613124555786,,,,1.2957639389137592,133.033201,70.99879899999999,172.43999999999997,197.73999999999998,820.3318153754926,901.2964131440016,7.703388146529928
UGUNVVRIZFUPIF-UHFFFAOYSA-N__WNTSSYKPFJQYCV-RBNKKSKXSA-N,561.521582112647,-2933.01580950549,-71.70944925790072,-21.888177682876794,-58.66031619010982,721.0785523398893,3766.4354519573017,38.146226837928815,28.107727253412705,44.838517285205974,159.55697022724223,6699.451261462791,109.85567609582952,49.9959049362895,103.49883347531579,0.43779940998706224,-2.286773352598638,-0.055909435319456836,-0.017065472780586854,-0.045735467051972775,0.5622005900129379,2.936562495812433,0.029741324527625373,0.021914645491137565,0.034959077331100395,720.2076567156819,-3761.886471623155,-91.97454925970078,-28.073779638978777,-75.23772943246314,924.8554481819822,4830.830617087234,48.926355671184446,36.050974754382345,57.50988829865755,0.08900079972850157,0.07803875651300352,155.90096454419307,15.135684634684697,1145.304841046871,137.29529340566503,0.8929554974167625,0.10704450258323732,23.052042716054554,11.89528013790561,0.9379150762996074,0.48398151589311594,738.3400000000001,8911.0,64.35210213824367,-23.274284096281985,9.20229605488683,-20.753544303873138,-6.922400002235187,5.452170284367334,5.210384351472642,3.432897475037391,-0.9293517609188087,-2.3338906962314776,-7.0369813032992266,3.7216649489834848,3.6775205579296344,-0.1251819626509868,0.7338942286207932,-3.3240358263174614,-4.691573142415033,3.475991700803014,5.412714174046144,-3.3291088769961723,0.21280375597988108,-2.113130622002544,-1.4222638111928319,2.8546358199246806,1.97083283673547,0.7972920414773673,-1.863406985461348,-2.4915191600521944,-0.23565202700621707,3.602372560497356,-0.05224337113584327,3088.747343566246,36.6292486686543,-9.214740092131606,0.7149391390659647,-9.115098043927874,6.521595627081372,8.156157292181073,-5.220957261027827,-0.49027162491758697,1.3359053093235214,1.0711595565452234,-0.11525764780019546,-2.58485887959308,0.5565384891415327,0.6129409027144848,-0.5178571636401015,0.31725414449448225,-1.2031617859840524,1.65343288238598,0.6608657689637863,-0.9883609977737198,0.338101264074211,-0.6382771905310841,-0.21928406860201582,0.6884976849590996,0.0238814947845102,0.20843867425803894,-0.38620334275720236,-0.5595649635097208,0.10060751122084437,0.5795317062052915,-1.1662399871102562,3192.56052454173,36.49150915251291,-7.836381232667728,0.8541022144631897,-11.109012533105052,2.3875206830881552,6.703786829309915,-2.6953922795617555,0.10889369735729026,0.337435509393697,1.0368909460121882,-1.867997454718548,-1.436081668852069,1.9632519960982486,0.5734519264916708,-0.6529771374731994,-0.7529008810353184,-1.7424319618096704,1.9899330940415791,1.0728609562453295,-1.1102264954509073,0.3421898944076997,-0.7704344333826146,-0.37011727364797675,0.9346800553028455,0.6984411310802546,0.20744581237452836,-0.7095990881415991,-0.7550333757704759,-0.039624965991375764,1.1493520640569426,-0.6423072355200473,8994.177410803182,63.34877797862011,-24.321808569397938,9.821349018545074,-21.41436130525734,-6.4896555294869165,6.241563802716465,4.810055329800355,2.996677160625676,-0.5560411078561216,-2.06471550653853,-6.888901649143317,3.2877897664808464,3.262742700956144,-0.1275590665496904,0.7756005524554415,-3.007257031827284,-4.622669251993155,3.3345743341186718,5.057039076549841,-3.111390423260341,0.26580742571228283,-2.100425525794312,-1.4719088836102066,2.75118796812003,1.888511515671517,0.6143384878947878,-1.6794627028673887,-2.2606224925179,-0.25373340235098735,3.366425907654054,-0.32992341510554707,3739.2430365132363,41.46180813696597,-8.613514542314672,2.3813716786587737,-12.107716055856612,1.0371562025897392,6.03485095344629,-1.3130385240661087,0.7916722438243148,-0.1926566072971364,0.8649485820977257,-3.08215536051655,-0.4984251282812604,2.590700897896074,0.48640634120411746,-0.512392805194768,-1.3226090064596217,-2.1279070125664292,2.32074637530346,1.6786489449618203,-1.385506644813349,0.34862672215785645,-0.9930015445101986,-0.4867335395318866,1.3403928110226238,0.8889640565357394,0.27417310420674923,-0.9265829298131494,-1.0708449430656055,-0.13398580583863307,1.5729505940921724,-0.4437716081045922,,,,1.8732326662548673,145.076717,80.147283,124.17,124.17,938.862150626251,949.455040548002,7.085485377223895
FDGJGTBCNSVZNE-INZUIXSESA-N__AXRWQAUUTZEPPM-SHABUIRWSA-N,371.64106259204937,-1935.9921079582998,-50.177211671590634,-16.54694109366068,-52.324111025899995,592.8678454292883,3088.4301691744713,31.662977852854446,26.396839052773267,38.6053771146809,221.22678283723894,5024.422277132771,81.84018952444508,42.94378014643395,90.9294881405809,0.38531636100122735,-2.0072309253523968,-0.05202358553072126,-0.01715581987480681,-0.0542494844689837,0.6146836389987725,3.202075318837953,0.0328280823427646,0.027368165118273113,0.04002594148547442,358.4511154565472,-1867.2816339847877,-48.39636763692141,-15.959672085340063,-50.46707118877804,571.8263181959662,2978.818409970625,30.539224193560443,25.45998641000535,37.23523012463282,0.11732405388124513,0.04371847147106939,0.0,22.69481921988375,842.6043470846001,121.90456093673754,0.873609709642992,0.12639029035700794,17.55518598554999,9.33719876950313,0.8801341193343977,0.46812305052257736,655.6700000000002,6786.0,37.82699297528618,-15.738967728924983,6.557503745179221,-18.222810090228975,-4.495375965853573,3.4294249032723676,3.0869993371538733,3.6069382624776782,-0.6617032987333498,-0.04862273721737775,-5.413043347984264,0.05860402235492796,4.757013758865025,0.28277650289335,-0.6065237003544275,-3.1118355906344357,-4.408382304838604,4.051626311565152,3.40065588938027,-3.1994154235732184,-0.16803756244752696,-1.334972580037697,-0.9532457438878696,1.5300193651064313,1.4218278415789227,0.3383913362653555,-1.0794824826439047,-2.404022462946785,-0.48501391169308744,2.6955813522469785,0.0216636240525604,2778.3237899047654,9.836477358260641,-7.8417668768942805,-3.318801454598629,-10.365600474024504,7.987862750070497,3.0027605053923034,-5.74509613593058,-0.5840890018759971,0.4144662796998889,2.9177239454345703,-0.4290777375404817,-3.378070969291953,1.289579626492752,1.9777335508160043,-0.9360797327681984,-0.47850410173314534,-1.4526214703318494,0.6993171710713939,1.9014747367692972,-1.2634845814311804,0.28077935934674314,0.1531670854467787,-0.6483188787427236,0.2844447183489274,-0.7879889007642558,-0.15865019830202398,-0.33241201663118286,-0.24730526227241917,0.22920345204410372,0.4062251321357181,-0.3714199554007579,2633.6881274631432,24.970308605995164,-7.001191699039776,-0.8876771368556022,-9.402324213992724,2.684967435855269,4.013233544382675,-3.2928105153365124,-0.34478862928490484,0.772643740192722,1.8231004617283544,-1.6694565934122514,-2.4784194171593517,2.0446698743547946,1.1647408072355347,-1.0142495242304446,-0.9506867185547052,-1.2548461377163345,1.3596456596751587,1.4082634336298048,-1.221747206115913,0.12148511212966191,-0.18522591317752474,-0.5929371353764646,0.43574351748602397,0.13609080136701648,-0.0823778556327164,-0.3275888141979061,-0.7525473487599852,0.10390638392201268,0.9788281425502927,-0.36650626973892947,6857.786576674592,34.776370512544595,-15.687156468430471,6.398367430405181,-18.873038099238904,-3.8871577730721776,4.000046391873734,2.4155763261227037,3.1935267878317917,-0.3312401319971232,0.07896468555627707,-5.166767708653198,-0.7028032149445681,4.5420248631036,0.7280296907429489,-0.6469309417496439,-2.90243436441329,-4.290305244412335,3.6169212281408494,3.582527874936324,-3.0998012943344277,-0.17014876751928185,-1.232326705515299,-0.9654777877012647,1.4212816401139403,1.1621822944804792,0.3184003578620082,-1.005214305419894,-2.1747561835584204,-0.43993535221077357,2.3849397616656574,0.057803448971159146,3139.5691313295583,27.130712025603863,-8.150411893489006,0.16946278571563006,-10.65085142955374,1.7099162791152185,3.1030334860492412,-1.6698826237384188,0.4460133467655133,0.10186695248054155,1.574326613894262,-2.4609051120786125,-1.6669543791767603,2.523141208365889,0.8753546768461478,-0.8906127287578416,-1.3994235365449832,-1.604560648214234,1.956052967328079,1.554850073499897,-1.4791981188910237,0.21340061634105237,-0.4865666941515842,-0.701047274482386,0.7290439250279299,0.361751661172959,-0.14042915445728632,-0.4834515130782354,-1.02724222524715,-0.07058052107164328,1.3921218970742688,-0.3368374908996259,,,,1.453631710894236,133.033201,70.99879899999999,172.43999999999997,197.73999999999998,820.3318153754926,901.2964131440016,7.703388146529928
STINYPFJROKCKD-WIBUTAKZSA-N__YBRQHOAVQNPHSB-INHVJJQHSA-N,,,,,,,,,,,,,,,,,,,,,,,,,,,,,,,,,,,,,,,,,,,,,,,,,,,,,,,,,,,,,,,,,,,,,,,,,,,,,,,,,,,,,,,,,,,,,,,,,,,,,,,,,,,,,,,,,,,,,,,,,,,,,,,,,,,,,,,,,,,,,,,,,,,,,,,,,,,,,,,,,,,,,,,,,,,,,,,,,,,,,,,,,,,,,,,,,,,,,,,,,,,,,,,,,,,,,,,,,,,
YBRQHOAVQNPHSB-INHVJJQHSA-N__STINYPFJROKCKD-WIBUTAKZSA-N,,,,,,,,,,,,,,,,,,,,,,,,,,,,,,,,,,,,,,,,,,,,,,,,,,,,,,,,,,,,,,,,,,,,,,,,,,,,,,,,,,,,,,,,,,,,,,,,,,,,,,,,,,,,,,,,,,,,,,,,,,,,,,,,,,,,,,,,,,,,,,,,,,,,,,,,,,,,,,,,,,,,,,,,,,,,,,,,,,,,,,,,,,,,,,,,,,,,,,,,,,,,,,,,,,,,,,,,,,,
VZQDQEBTYATYJG-UHFFFAOYSA-N__MLOPBTMIQJGMMW-UHFFFAOYSA-N,306.76140856336303,-1713.8612308076063,-89.13478181678451,-21.42326538509508,-71.4108846169836,447.4815745887307,2500.0580280943527,31.69796054929728,31.250725351179405,44.643893358827725,140.7201660253677,4213.9192589019585,120.83274236608179,52.67399073627448,116.05477797581132,0.40671430217535665,-2.2722932385066748,-0.11817780716272228,-0.028403665481333436,-0.09467888493777812,0.5932856978246435,3.314658649718209,0.04202619216532422,0.04143323312147761,0.0591903330306823,231.37263991076912,-1292.6678074330478,-67.22928374010255,-16.1583475929131,-53.86115864304366,337.5098377234004,1885.6512251632253,23.90796432453936,23.570640314540313,33.67234330648617,0.09077440954708087,0.052473595197062205,369.8995481827582,74.66178968624959,498.09423007470144,256.1487530773923,0.6603896107764788,0.33961038922352127,13.641210613126683,7.316024540647918,0.8645659999274137,0.4636821651585788,458.48,3160.0,35.22710578879046,-3.6432496502206697,3.4219482910179266,-12.900775857922593,-6.109636681806458,5.51527191319798,-0.8281342927899287,3.3211605409578224,-1.8046272653800668,-2.023161085042047,-0.15644893493686274,-0.7465960473212039,0.8053663788511232,2.745629581669534,-0.6476725753676803,-0.46258752858509394,-3.091947201154235,1.2827497408956563,3.3130718788110167,-1.9388320227367872,-0.9033363306041775,-1.1154682137497889,-0.5343509999541565,1.1823685692321084,0.14207828137268083,-0.3960253841337204,-0.05551791202987032,-0.20413063030972303,0.4625279145809225,0.523284868611278,-0.5396278984946612,1442.8116242222145,10.739897859665177,-1.7749162771107156,0.07025272198026794,-8.37219884051795,1.4511358246970825,8.226048617759643,-5.129569154475995,-1.2365994110770706,1.5483729784892553,-0.8512323879433656,2.3881369386383877,-2.833058605280178,-1.939407367011265,3.523466856920689,-1.0449350664112245,1.2183751295557523,-1.2089740554429298,-0.041993658918813834,1.7673060318359415,-1.151903409275134,-0.15903536453889427,-0.6236677554165895,0.1192011995171109,0.7744594403457996,-0.6102909271733645,-0.4979759850951622,0.5053187046612531,0.3590192653112025,0.21442210112110982,-0.4984575279044346,-0.6420467557295296,1330.1872442236167,12.524638940860381,-0.22780076572937336,-0.05242459229208879,-7.751171683466925,0.16961283906864127,6.070605589088638,-3.3318305574716387,-0.19304930277772248,0.786910300004692,-0.46199733987995106,0.8747661353458991,-2.026295385312273,-0.5675295293257172,2.74842800682616,-1.0263340842822428,0.3791159512810957,-1.5724122569082557,0.4963374979389483,1.6001927486776064,-1.0982532068909516,-0.20537772947427277,-0.7188451915162597,-0.01901315980589873,1.0052309796192098,-0.32744980271569324,-0.2996058825101907,0.31958406840736264,0.12539320604531456,0.2133616923991409,-0.11016191912054217,-0.40773257412625385,3368.907526752811,36.714779892572516,-4.873234172814776,4.648372376791899,-13.676605619247795,-6.3166834810364065,6.464152627532311,-1.289124318311544,2.9418988405085775,-1.6152665451630805,-1.9471090810902227,0.19618853676127374,-1.1385965305295933,0.3358223029959966,3.1759164157524786,-0.7289308666038109,0.11950063223458479,-3.0715325414688794,0.9513630013568355,3.4860438189438443,-1.8896372498007277,-0.8484245197414774,-1.0877817237054166,-0.5363441538181088,1.0163215241080565,-0.03929531004338231,-0.5345253166463806,0.0756676897764676,-0.012942171576449044,0.4281500135847719,0.28868997704534055,-0.6038975320732758,1387.7876550770093,14.002236598763236,0.23065777750973787,0.08814231669227407,-7.814969767750435,-0.608040725220888,5.2506696717283745,-2.552268366433508,0.4315596401876351,0.2592039218629955,-0.4594576393258412,0.21795823651386628,-1.5912244787715615,0.06610760117587397,2.4403905023933428,-0.9761770358400814,-0.09447786726850455,-1.7469436936522442,0.7984682507406504,1.6189327600049486,-1.1337420714035427,-0.30384762818323324,-0.808596470747097,-0.09253951539623345,1.130537637649935,-0.16318091406582694,-0.22761826275495717,0.20210456740306576,-0.021132225171211313,0.22090229092199862,0.11734093144789437,-0.3167845178781748,,,,1.7870921129515396,88.640169,45.827830999999996,219.13999999999993,219.13999999999993,596.4574212427768,651.1951901160008,8.139939876450011
MLOPBTMIQJGMMW-UHFFFAOYSA-N__VZQDQEBTYATYJG-UHFFFAOYSA-N,332.7901359500215,-1858.4384567938464,-91.62322326055352,-23.23048070992308,-77.43493569974359,524.0601570733788,2926.56976384918,37.578851905509055,36.582122048114755,52.260174354449646,191.2700211233573,4785.008220643027,129.20207516606257,59.81260275803783,129.69511005419324,0.3883877249732505,-2.168918505280937,-0.10693025842036015,-0.02711148131601171,-0.0903716043867057,0.6116122750267495,3.4154971850715774,0.04385696335927236,0.04269371481339472,0.060991021161992454,285.15132550407316,-1592.4035362697632,-78.50738569855372,-19.90504420337204,-66.35014734457346,449.0410991502139,2507.632159707594,32.1994502667184,31.345401996344922,44.77914570906417,0.09081563532200214,0.05249742641744997,369.96242599044183,77.26182272199999,610.063812504022,246.78648051937833,0.7119841324339272,0.2880158675660728,17.94975193269195,9.814907028027559,0.8288254673665717,0.45320096540433896,458.48,3160.0,42.28903751093644,-10.02761745082895,7.168465335527744,-14.062326862974256,-0.2844008193774872,4.6334407030185885,0.17996685089159503,3.080049209018245,-0.9047515656249745,-2.235322003783888,-1.1719350994389297,-1.255174077301775,1.231733166437718,1.648781286509791,-0.802887742302588,-0.8589360372021673,-2.642158686838299,0.999653200341741,3.2702061967191085,-1.4881599989670484,0.04632082502214285,-1.2313481892754563,-0.07349071661411392,1.1550493491907097,0.6198034717097989,-0.13714941592554006,-0.40515063172664345,-0.4126699211371797,0.15505460142326982,0.4712404240950779,-0.5302151518134084,1442.8116242222145,21.728736397091716,-6.0296056856696705,3.69286488721065,-9.97497985029005,4.3054579789707965,5.928781918520221,-4.30422185416442,-1.6015781597022583,2.1166727739879416,-0.7376777857631129,2.5732606763197703,-2.7476392470269193,-1.0519552876998954,2.1309670316435936,-1.218233771582058,0.6526558484148045,-1.4811999064648411,0.4202678499330971,1.4441643103958066,-0.9267742447831426,0.1472852118944738,-0.3876800478801913,0.3463167121915417,0.7409836093189285,-0.6133799888761302,-0.611944524219369,0.36150973605003833,0.11124055022262438,0.08324065306306203,-0.43281339950527864,-0.5785237604925697,1330.1872442236167,23.330335342715802,-4.767866213098653,2.777203699561579,-8.860260268446376,2.812498355659913,4.866692483130978,-2.671565806929627,-0.6457699061139017,1.4022195844666594,-0.3472343015452793,0.8080287580987662,-2.0285813883279475,-0.0077142954657917415,1.61501262343528,-1.0301221043654458,0.07422000386937483,-1.461774938557968,0.5240295120195746,1.495752618759941,-1.0025224868574152,0.16311448648951216,-0.6111340720406776,0.07923846868419332,0.7951962043389441,-0.2488915403944907,-0.41838986008908524,0.129661210993727,-0.11391728688370453,0.10001977055560066,-0.0774923012479119,-0.3411257579216857,3368.9075267528106,42.98159667032998,-11.506028811392062,8.79573083311244,-14.97349115741682,-0.28455087277540514,5.118103354927543,-0.26814509888370297,2.7892057495281266,-0.7466711072948935,-2.215378740977505,-0.6834175051923919,-1.7785791023295836,1.028280747145827,1.9183184292170794,-0.9885291048326204,-0.4646167063998592,-2.774604608670019,0.8262778547457624,3.395689458857524,-1.407809179419126,0.054600524254111715,-1.0784819672902906,-0.03910213804813795,1.1606246756683718,0.46870181224746976,-0.27641005553963516,-0.21357359528975414,-0.25683708363522173,0.09283756767407048,0.25850806283806355,-0.6879602250994539,1387.7876550770093,24.27648422776999,-4.415060398628077,2.6850055495198104,-8.772060681313317,2.1208613577784527,4.430567299856253,-1.9112428887731903,-0.03824722691560002,0.9605894489810023,-0.36784371052425835,-0.00012200330952080729,-1.6377405443460304,0.4636991087369612,1.4207381183494792,-0.9390463760907497,-0.2916021111473876,-1.4956498980978599,0.6721071507139962,1.5853100242139027,-1.0373352076301658,0.13250190944241425,-0.7682775440076042,-0.012482723077461327,0.851270338283374,-0.03486041091249591,-0.336656666452242,-0.003724408020440908,-0.25030632834176286,0.09898932461184473,0.1207040529862502,-0.23651011708791006,,,,1.3111884587570966,88.640169,45.827830999999996,219.14,219.14,596.4574212427768,651.1951901160008,8.139939876450011
QVRUUTAYBHGFIV-UHFFFAOYSA-N__NWZQUEFRFHBZCS-UHFFFAOYSA-N,461.52486494001937,-2698.9919022416198,-80.3624759692627,-30.325751710579993,-84.34349694505062,534.7643842863707,3127.295737324396,46.048454646403414,35.13815435195951,54.86483749691923,73.23951934635136,5826.287639566016,126.41093061566612,65.46390606253951,139.20833444196984,0.463243847405148,-2.7090444911830205,-0.08066179177549437,-0.03043870214812382,-0.08465764034946939,0.5367561525948519,3.1389435746222434,0.046219965418837584,0.03526902892833981,0.05506918551968847,459.81226119040304,-2688.97661595241,-80.06427084939057,-30.21322040395966,-84.03051924851282,532.7800069336811,3115.6911222478134,45.87758030770074,35.00776541851476,54.66124775873356,0.13306362642816633,0.05751819794827631,20.79214512195371,12.321352719630863,697.5692991739045,298.71995005248596,0.7001674460660505,0.29983255393394975,21.20734723942857,11.168263875077413,0.8988938188283605,0.4733776106464912,536.5900000000001,3916.0,57.45769772751008,-16.35440452696569,9.136027195429898,-15.862906441381798,-4.0231063989310485,7.989453265566442,-0.1237010257285786,-0.395453323772753,-0.4185889554545546,0.9573904211485771,-1.2094909086523733,-0.5539010336517868,1.2163016414880996,1.8926302279618201,-0.1861759013268984,-0.9791048422347516,-2.7104316755153586,-0.04212666041995883,3.747958311717112,-1.4338335585590927,0.5479227508137483,-1.389183306772716,-0.4578797598480391,1.7037109632438794,0.688313932451093,-0.8647103483827754,-0.26995047641827774,-0.2964266928294818,-0.5995222255482938,1.4939726518063907,-0.9116053217672972,2261.1773519351377,25.269378261656012,-13.989549803993317,-1.778629530317651,-13.752155481829803,4.270920212889906,7.736090030030407,-3.3177244116819686,-2.560284105027176,1.0891672494900924,0.7124474438096463,3.745615138561583,-2.4658465507776475,-2.1956483048595574,3.299205728842085,-0.043800135477738665,0.5263084324876767,-1.5258817708299,-1.2208152307202706,2.211987453561544,-0.5960297918722784,-0.011094426724080135,-0.35521699159298054,-0.37504692299383086,0.6897982281278434,0.5579414519305713,-1.083892548347888,-0.07136518801909977,0.21769009504898199,0.09467174390654114,0.5640864683383635,-1.3769650065843222,1809.1066236439056,34.155988991008705,-9.016327283835373,-0.40445251868084964,-10.08434457432615,1.6170701355501393,6.216442120127949,-2.3705141312071993,-1.9005200835894,0.8782556457453632,1.059662341510829,1.1292226343000376,-1.8908835706870073,-0.5691011365888231,2.23040325561317,-0.25244383801606696,-0.005259011782770699,-1.5156016759288395,-0.2660342883397022,2.043492412473086,-0.8164370598340506,0.12419008899617856,-0.720654655292197,-0.20796126135523849,0.97569380470923,0.25076493187410653,-0.7199860779866111,-0.1886762733978163,0.05515740410596159,0.08857530803622199,0.5700532598207553,-1.0077448723033244,4273.539712136412,55.085851151221654,-17.909270843749425,9.700883228630174,-17.85507718657251,-3.3918804025793143,8.548416328854422,-0.10323196600945624,-0.8987940853986172,-0.34192578317931344,0.8200831511034049,-0.40633779410717324,-0.8803900735004606,0.6324187536185925,2.510756565569388,-0.026201906619787427,-0.817304300491443,-2.677833925533295,-0.5542593692897716,3.9746220454286827,-1.2040646023767476,0.5272105631864963,-1.2715025600931846,-0.5979805928483177,1.6545647681857876,0.833837991054527,-1.061673243810241,-0.17652840519370516,-0.19368150079816226,-0.7134217508134547,1.493210135051812,-1.0597488432752171,1856.4107557349137,36.07588783729841,-9.599123672617115,0.40780798645040817,-9.659598119661931,0.714616029673921,5.687791585208907,-1.9120631369990242,-1.2633259873728784,0.48522441907453073,1.4358574463737663,-0.026960875376694726,-1.3340907457235058,-0.030309018322746996,1.7467824597772554,-0.21714468735691722,-0.3863558797627538,-1.6507409796387669,0.10346393072804294,2.129751157190512,-1.0082617017551634,0.1479727456504735,-0.8446902924392424,-0.1700050516300509,1.0286790275724262,0.2614066897227988,-0.6210543965488082,-0.23991410544752245,-0.006804786528033663,0.0609504297675669,0.666042551350995,-0.9025697322949979,,,,1.263600504618906,102.451376,47.588623999999996,209.75,209.75,697.5016451486813,814.2008230640008,9.148323854651695
NWZQUEFRFHBZCS-UHFFFAOYSA-N__QVRUUTAYBHGFIV-UHFFFAOYSA-N,528.8398697943595,-3092.2623742939536,-104.45097207453533,-34.74452105948263,-96.63319919668605,540.6959472045288,3161.587900178452,48.675974743234114,35.52345955256688,55.466454389095645,11.856077410169291,6253.8502744724055,153.12694681776944,70.26798061204951,152.0996535857817,0.4944573724312302,-2.891219092569358,-0.0976600974127488,-0.03248560778167819,-0.09035059664279244,0.5055426275687696,2.956037422897954,0.04551130870943493,0.03321390362806689,0.05186030566487638,565.6131822020961,-3307.2853648654063,-111.71405575406624,-37.160509717588845,-103.35266765204395,578.2936816413837,3381.4314978311613,52.06069841522216,37.99361233518158,59.323359611073,0.13307835414139715,0.05752539372292293,133.55899824161688,0.0,700.7106767341003,368.82514026478805,0.6551540075584289,0.3448459924415709,21.671202314735982,11.921378351296585,0.8178436818406147,0.44989769473056473,536.5900000000001,3916.0,76.86834011026748,-12.301191208709255,11.804049190684449,-15.279424084841192,-5.961995070566108,7.827822653737304,-0.9946006440391365,1.0106835994319088,-0.9992256068805603,1.4012914790389162,-1.5866283786091624,-0.09182037330691879,0.408661484668969,1.9718538834625734,0.2350312245082522,-0.5724108530563049,-2.765817682261861,0.4740445672937483,3.6545614745987476,-1.1376231096965022,0.1854236253669434,-1.3171579779755107,-0.720606805058232,1.4468048934513587,0.3123515055925579,-0.36573946769694715,-0.08331836603680136,-0.5221006795798766,-0.5303711296798519,1.3576167442710512,-0.729524082851401,2261.1773519351377,48.670622004498114,-12.383817575302489,4.586416261525313,-12.316623228518177,1.982950928363305,8.452068322793245,-5.764133106679089,-1.527556108603275,0.6455381550725607,1.507549698217942,3.089296758544787,-2.4736500675958912,-2.530305651186833,3.3289490914332824,-0.16147099660314237,0.4346062098006523,-1.3934400636868103,-1.3531609381619583,2.5383703854926822,-0.3592507897989721,-0.34347641057540895,0.24975190632469083,-0.13055681917212597,0.5282928422964073,0.183367972663995,-0.4274861927268666,-0.0360577538543864,0.7081884536348293,0.0699955101069988,0.44899322382903545,-1.3369118311530437,1809.1066236439056,48.24816315368736,-7.407851161160515,2.004608776526851,-9.941382797372277,0.6523098494339535,6.354683412724886,-3.5044700836314115,-1.5048118578535745,0.749630953102755,1.7092960238423656,0.9658992203895725,-1.6953784607220812,-0.9296795708901977,2.496002378609575,-0.1975914273153043,0.09176722933112438,-1.3991142246996353,-0.2788239847386327,2.135328682351075,-0.643448434340555,-0.025855175632169353,-0.3792720208479143,-0.12441815630434082,0.8323225370556898,0.06601706006881924,-0.4388230147570644,-0.142246127764205,0.2225924915239203,0.00868941329217514,0.4203577618956158,-0.9591798739051508,4273.539712136412,78.86022295322634,-14.180088740818213,13.944168489718237,-16.736076977224382,-5.874868671013641,8.703438820248632,-1.6121679664534727,1.019130084967331,-1.1511619803202557,1.3998381472721966,-0.863708313446218,-0.40081905623851605,-0.13365066229270448,2.3893271636255666,0.15680536767212802,-0.42834164133811714,-2.7611556553839414,0.03766653018781426,3.8761504726078,-0.8964943919633266,0.12425311164210324,-1.1101981142607846,-0.8038237585085789,1.3445244447217886,0.36914267844287296,-0.3303051635471177,0.04263616723291384,-0.36027886613179944,-0.5850062269004496,1.3815848514872668,-0.9224031597598241,1856.4107557349137,48.79856872885184,-7.194747945873994,2.4284457876389447,-9.70432114163227,-0.031180993478546495,5.488738102091917,-2.77074869295133,-1.0500266703110983,0.3801895541244247,1.9784483922209581,-0.2616572392801905,-1.109929852210036,-0.3745249501024411,2.1932969338676354,-0.06865983348075197,-0.20018882592788126,-1.554675853296035,0.0831351303258122,2.217857103133203,-0.8186210237273476,-0.011117474939349559,-0.5977118298620347,-0.1740064496454625,0.9829824588530255,0.0764597408784229,-0.3902325449648922,-0.2549955487447913,0.07240086960279252,-0.030451422503695053,0.5066222108599887,-0.803431467905452,,,,1.1798542666464762,102.451376,47.588623999999996,209.75,209.75,697.5016451486813,814.2008230640008,9.148323854651695
URGMRKXHSBCZLS-LNGCNUISSA-N__MYIMAQVZPROTBH-UHFFFAOYSA-N,369.0984531717668,-2313.4421516525344,-66.17747720101634,-16.291846138398128,-51.40982559227854,905.9773566984485,5678.501731497521,50.079588584556156,39.98944881336283,58.54125496389197,536.8789035266817,7991.943883150056,116.25706578557251,56.281294951760955,109.95108055617051,0.289471771258319,-1.8143565533472166,-0.05190081773079225,-0.012777158826388848,-0.040319034518827034,0.7105282287416811,4.453462051072488,0.03927577340648754,0.03136240881036963,0.045911979907963786,470.6285090998342,-2949.8141251062484,-84.38130033725362,-20.77333890919893,-65.55142500236107,1155.189811816351,7240.520194138621,63.85527197242013,50.98957883196212,74.64453808390331,0.07925695145191786,0.048404787232649,97.84735317944275,70.27754520018135,1080.4762725595695,194.59953731064567,0.8473819863852227,0.15261801361477728,25.678913943187496,13.488393546341715,0.9037785229918696,0.474728815393685,755.4600000000002,10011.0,84.3186395301348,-18.438124778131083,5.646789209525131,-19.901449751188856,-9.714810162027113,12.472934999776141,5.157339447292687,0.9294148375623376,-1.3015236747048924,-0.8756476041324108,-6.614729459864256,2.6578611886893793,5.034193479027116,2.413439229211437,-0.5176896849155767,-4.177499552686457,-4.903339030869267,4.112607576898293,7.237808126575167,-3.6695709288082425,-0.4891867561954105,-1.588941485681812,-1.63363817302674,3.405492573334843,1.6770708832630643,-1.1724132356089336,-1.5136989377854206,-2.438243982869554,0.15130516552130824,3.8682937450607873,-0.8010860996275915,3282.0949804175193,48.939688242117434,-6.199454443764186,-6.2885878495989,-10.459980687087814,2.240133864750249,13.386736665901683,-6.185984032819504,-3.818893326765002,2.864534727739266,0.403297725480602,1.947044747311126,-3.2713393724033253,0.2870604466669249,3.4836453142658717,-1.1623632840925424,-0.5081663411216746,-1.3754907896448945,1.1095099704558675,1.8640094336308894,-1.356301072737029,-0.09902825316688064,-0.47225685498135533,-0.009527573496298385,1.1280087889166153,-0.12571549509475996,-0.8473569177497869,0.18812079847148164,-0.05576400049632444,0.3198534268689721,0.3449889808227497,-0.8336108785690121,3668.7543375640635,49.37051504970779,-5.812225370254124,-3.1788347595049764,-10.511060788558293,-0.3027643129397166,10.600085652231742,-2.92878453369873,-2.2318553125719744,1.279102954488149,0.6507803485251991,-1.159890717061083,-1.6805118557927206,1.6160435266691437,2.417202723327026,-1.075287398334455,-1.328061194227534,-1.664766403823182,1.6720046723031523,2.2321692668913937,-1.4640630444455058,-0.022742918630495768,-0.754055439924358,-0.3267180785472275,1.332098875013209,0.4274432833402721,-0.6652494479409934,-0.209411448124579,-0.5559879359126166,0.21347758250530394,1.2085305166984304,-0.647365767232445,10071.484486738049,87.03817661085198,-20.128205693102323,5.141081938384629,-20.484325424977783,-9.431566268078306,13.718023392190243,4.456002416770915,0.12141822716694878,-1.1487809288575686,-0.2149188233281176,-5.950519845865194,2.012346055520905,4.929873057006224,2.7469015854388776,-0.7320739188971184,-3.790999627177913,-4.882928432440177,3.8547832828174937,7.194904550138078,-3.5857387279147295,-0.5499033804671436,-1.576164347355412,-1.5383417537349826,3.4283031956521812,1.544782514859507,-1.314377218617197,-1.3400828579232382,-2.11535764871845,0.10963664395360583,3.5131860257067418,-0.7877957009127928,4207.25069781662,51.963295258943624,-5.684365689625371,-1.6431300366983497,-11.237737715318513,-2.0538119389894085,9.875762357231196,-1.151467441244422,-1.4466808340555959,0.6300596815566053,0.5133789741288914,-2.6888938261091453,-0.7396052243059771,2.346103961533224,2.0468339365102786,-0.9467989396073685,-1.938985032185418,-1.9653494032648913,2.1020918903928107,2.741045818150907,-1.6360534545964387,-0.021151282336854114,-0.9630023074211981,-0.5232118994860624,1.6034237504248776,0.7109014450950587,-0.6421253605051802,-0.4394729283971819,-0.9185409043181119,0.18389264600453997,1.7495224266539393,-0.591497523877292,,,,1.7233443159451822,153.839303,88.48269699999999,152.06,152.06,953.7099465452816,978.515422692002,6.8909536809295915
UJVARQFPMUWZBR-XNKQJIMJSA-N__QHMPKJIHMROLLX-FAIUTGPOSA-N,,,,,,,,,,,,,,,,,,,,,,,,,,,,,,,,,,,,,,,,,,,,,,,,,,,,,,,,,,,,,,,,,,,,,,,,,,,,,,,,,,,,,,,,,,,,,,,,,,,,,,,,,,,,,,,,,,,,,,,,,,,,,,,,,,,,,,,,,,,,,,,,,,,,,,,,,,,,,,,,,,,,,,,,,,,,,,,,,,,,,,,,,,,,,,,,,,,,,,,,,,,,,,,,,,,,,,,,,,,
TUTVWLUDKUFWLL-UHFFFAOYSA-N__WGJDEWARILDFOP-UHFFFAOYSA-N,533.1422118577437,-2523.415596300754,-104.54625985596425,-29.004776968974188,-76.46713928184104,465.9061059642557,2205.1803591114926,38.07424235334855,25.346900679442438,40.836673316879505,-67.23610589348806,4728.595955412246,142.6205022093128,54.351677648416626,117.30381259872055,0.5336500771254328,-2.5258193735834427,-0.10464584944588366,-0.02903240659291314,-0.07653998101768009,0.4663499228745675,2.20728098909065,0.038110511447888004,0.025371045851616664,0.04087557387204909,532.6348299163789,-2521.014106650065,-104.44676504368267,-28.977173639655923,-76.39436686818381,465.4627114265877,2203.081728264449,38.03800777545998,25.322778485798256,40.79780978267499,0.09658874982110782,0.0589642847475361,52.29681251240215,23.237069948164244,619.5494864773196,379.4988313446797,0.6201396623418418,0.37986033765815835,22.071426565970665,11.606998053550624,0.9015620114814211,0.47411654526010166,506.5300000000001,3741.0,48.180310443687794,-8.226892948382543,5.80996032318347,-15.01063878741821,-4.3519744236866895,6.21105088494051,-0.17251166269466148,1.3568218411785007,-1.7419281635930723,0.7547238314130764,-1.4671963939074353,-0.5617259038352692,2.4528158931192365,2.1110616806740774,0.17441490010869046,-1.261131570908161,-3.143710920191373,1.6609065867046313,3.600538273173433,-1.1745169095508206,-0.5424789621335744,-1.7826033042725102,-0.6836257020629621,1.632605338474325,0.5823697117215253,-0.24328311458548563,-0.5013218061465693,-0.654031998073305,0.7635042817713644,0.9492874849736549,-0.5095954604987523,1917.0174050721446,41.061789222387944,-5.683166333228253,-2.495216732713408,-10.955042603751412,5.3438377164704,7.57099740576132,-5.0213396162693416,-2.7424559591403384,2.0296025230576262,0.21813549680529756,2.429753064810479,-3.1228736442842537,-0.019132411139658412,1.8716343788878915,-0.05041189882274369,-0.1407452030214505,-1.478033356408366,-0.08551914875495327,2.7424642537844766,-1.010290045806696,-0.10501980252590205,-0.889978992174571,0.1589182802930281,0.8845388387560876,-0.43441693115522517,-0.7577592371778654,0.29258700143976607,0.25486197340119854,0.5084573072886008,-0.20742031145360118,-0.6184151288779516,1597.4546019407808,33.844024827135506,-4.061369275933928,0.13464539711980203,-9.791967257060113,2.519886696217861,5.421579367759671,-2.926677729794727,-1.2101097885424872,0.553749649189303,0.6666366445712115,0.8707446518962896,-2.2205122816781024,0.598457518560745,1.6587829113192547,-0.17457131141739848,-0.19192309218557296,-1.6195291200847752,0.6170824302895467,1.9773303878246655,-0.7659545816728186,-0.16703626191785867,-0.820557988299196,-0.24945282548415357,0.9525012930069029,-0.09409112608068942,-0.44821950203789795,-0.06188473850413998,-0.09032670879721116,0.312688259170657,0.24013099721751463,-0.3515888285171327,4034.9943674942147,51.56196127562926,-9.888898642543575,6.089605136924129,-15.370429035216274,-4.473789559904316,7.436455125966787,-0.5616591539913839,0.7655897010224485,-1.3424999511634919,0.7395514804245911,-0.8242059744007183,-1.2552321510705822,2.509654172343234,2.402745268548202,0.055753327298641076,-1.1048297026766918,-3.085354470064567,1.2293458907873343,3.9084302913898106,-1.1032009451276947,-0.4976481266855338,-1.8919138534417295,-0.5123872463899148,1.593762531910551,0.44591074501882416,-0.3430231860042267,-0.3389986597725272,-0.5202667540298678,0.924622495543324,0.8088846656948353,-0.7459240125753022,1680.0872702069476,34.42307441042896,-3.8571252507030165,0.6327665638165916,-10.15677505910125,1.7707385284533315,4.471461071324585,-2.20343823654212,-0.4199521313049787,-0.17793765103930081,0.8659941364556497,0.031277853793924136,-1.6155026599153257,0.9219533481592392,1.5267563302313616,-0.1149528969300825,-0.44206126549040287,-1.7916289142967186,0.9850116050459222,1.9759628168847283,-0.8686757319518452,-0.17138749488365287,-0.9320575450493738,-0.37114161269545143,1.0175118376130634,0.05441803203529929,-0.3489541207044691,-0.22756811329410268,-0.26184020965841176,0.24933522861304616,0.4034736190582913,-0.20084440835343967,,,,1.1269854957937653,97.486755,51.673244999999994,170.01,178.39,660.1451310180612,750.214661560001,8.623157029425299
QHMPKJIHMROLLX-FAIUTGPOSA-N__UJVARQFPMUWZBR-XNKQJIMJSA-N,,,,,,,,,,,,,,,,,,,,,,,,,,,,,,,,,,,,,,,,,,,,,,,,,,,,,,,,,,,,,,,,,,,,,,,,,,,,,,,,,,,,,,,,,,,,,,,,,,,,,,,,,,,,,,,,,,,,,,,,,,,,,,,,,,,,,,,,,,,,,,,,,,,,,,,,,,,,,,,,,,,,,,,,,,,,,,,,,,,,,,,,,,,,,,,,,,,,,,,,,,,,,,,,,,,,,,,,,,,
WGJDEWARILDFOP-UHFFFAOYSA-N__TUTVWLUDKUFWLL-UHFFFAOYSA-N,482.9188741853223,-2288.7656578529836,-94.4564090462657,-26.30765123968947,-67.31663699567599,413.60933066062114,1960.2771446458437,33.73656327866892,22.53192120282579,36.9863612197329,-69.30954352470116,4249.042802498827,128.19297232493463,48.83957244251526,104.30299821540889,0.5386544132967969,-2.552920973909881,-0.10535798933676245,-0.029343919240343463,-0.07508591099734944,0.4613455867032029,2.186520328139248,0.03763023081294592,0.025132417564818942,0.041255100530929206,432.9503913595911,-2051.9429665479806,-84.68283483844274,-23.585551339631962,-60.35126372199943,370.81243072469897,1757.4437494898705,30.245780513896626,20.200502867699658,33.159316028110766,0.09645678663811773,0.058885395922662384,115.60152527890885,21.66349717964489,561.061518238242,335.46668660770155,0.6258158027885502,0.3741841972114497,17.31242596725978,9.80772547281101,0.765182560957004,0.43348635879461433,506.5300000000001,3741.0,51.56279872978559,-8.64222161857922,1.928198394791355,-13.038856452031883,-3.4231078665856405,6.839458044288578,0.44577827897209377,0.8172271324344279,-1.4814546560832598,2.0228481798748796,-1.1076947578203278,-0.9636430665829483,2.007151189871089,1.7442763756644295,0.5684974208101929,-1.486394797420981,-3.063123856293142,1.7933203362948706,3.508030400694388,-0.8820141006321999,-0.7288407347976437,-1.827421989679755,-0.1800991036024405,1.5421034483485085,0.17907285104217668,0.1965459575121478,-0.4863907281748705,-0.10618703094986581,-0.14335485515177854,1.1953614195915994,-0.8374556581251856,1917.0174050721446,36.054375950904024,-6.314003708412284,-4.309470346287538,-11.264964954030978,7.483762021819242,8.066813024044508,-5.12303282653102,-2.965518961768448,1.4031887126699156,1.9763328472852117,1.8086428862301793,-2.6510951053260485,-0.9295464191221642,2.409463074839531,-0.19590693682398075,-0.40403014343119226,-1.4271395280923287,0.9118940302902944,2.3471999898829745,-1.0717660114790548,-0.6483296674860406,-0.7474105468584709,0.3160701919957565,1.0656295120760917,-0.7985953804173826,-0.5973434839199854,0.42385650607326447,0.5289189546993754,0.25295043597272804,-0.026920695008227524,-0.591694331700459,1597.4546019407808,32.08527967395293,-5.177399823990627,-1.4230408176514768,-9.018399673934283,3.0577507345503188,6.126174065798197,-2.7947884802400202,-1.5483133264182158,0.8482948664848645,1.6093012461780196,0.5602842994176299,-1.8820550989364024,0.07209841888040971,1.760000811044029,-0.14903676807968255,-0.25973026021855433,-1.4399459812332787,1.1159175215126318,1.8241782918243403,-0.6602608092037276,-0.294092871249027,-0.8699046987677755,0.0410403717163089,0.9742642128715613,-0.2566427624672538,-0.24766864759729737,0.048567919869065966,0.1775592272349292,0.04335334938174756,0.3837769656259425,-0.48728011273510735,4034.9943674942147,54.577195157571246,-10.575736754406433,2.0993125919308873,-13.59299357141117,-2.83455121787935,7.669373888127943,-0.14241570739823314,0.32366574708188545,-1.3938528898740745,2.2355657181069164,-0.7066600358071041,-1.4451341642840705,1.7981340937022794,2.1714201941909663,0.3999410565966579,-1.4539034940095361,-3.017526727536354,1.4891744262283084,3.7189437109754544,-0.7333971177769926,-0.8356034675676014,-1.8332817362383411,-0.04524627996048064,1.5794498389472764,-0.06428937339336137,0.13751299268041384,-0.288590266464641,-0.008003816057587794,-0.025692746123542887,1.0666472689362962,-0.9837839089274049,1680.0872702069476,33.1948918451525,-4.745537970771734,-0.8445223297385225,-9.31312119626346,1.9620756733379696,5.480324716234414,-1.867764748010944,-0.9212810279899378,0.4254773259863679,1.6762028393639263,-0.027500801479663488,-1.439343530391323,0.5694949850056463,1.5524015827214377,0.01034291540130455,-0.4217540704582279,-1.5823915094090537,1.3370150479302503,1.898365609940428,-0.7925106157870836,-0.204600594445508,-1.054660240544601,-0.0728236473861901,0.9754380912821721,-0.06289187172892127,-0.1387460799817011,-0.1239201455230096,0.0770130159293125,-0.06999088588041795,0.5486130806161822,-0.36719128488656944,,,,1.563304654371129,97.486755,51.673244999999994,170.01,178.39,660.1451310180612,750.214661560001,8.623157029425299
MYIMAQVZPROTBH-UHFFFAOYSA-N__URGMRKXHSBCZLS-LNGCNUISSA-N,392.4652247864283,-2463.476378879083,-76.17660161123705,-17.348425203373825,-53.55383432345832,882.6281944726554,5540.194572905941,48.68241630826298,39.01545473877424,57.71036013443688,490.16296968622714,8003.670951785023,124.85901791950002,56.36387994214806,111.2641944578952,0.30779331055953324,-1.9319967789579926,-0.05974197690981799,-0.013605611119422484,-0.04199992997734766,0.6922066894404667,4.344932292196419,0.03817948988910223,0.030598114733777607,0.045259711377046034,500.4298254132117,-3141.1625192089155,-97.13228341600927,-22.120862811330397,-68.28614172193295,1125.4334024246098,7064.265641327254,62.07462866829722,49.74834958681166,73.58610043049224,0.07914191624735972,0.04833453150745526,229.0837415508133,36.16734365923748,1050.758618986643,224.33480027244076,0.8240640278711542,0.17593597212884574,20.271200367429213,11.170191711330853,0.8147585011335527,0.44896249314971115,755.4600000000002,10011.0,109.76798552046995,-9.052300974436802,11.302314880449288,-22.370654694784925,-7.821413188530081,11.672183154332673,3.947147068397006,1.7394488582442857,-0.7960527940230655,-2.7131585233323845,-6.429340108444174,1.2212967687840546,6.3339579184171235,2.773520714837672,0.5233542001432789,-3.6491413684847616,-5.3499481060544225,4.433989597573753,7.128699595260794,-4.309635878209748,0.3993425045238764,-2.182270396795519,-1.004335985673862,3.479579036304105,1.7306408105623308,-0.9011881192588949,-1.2635235157514417,-2.144282247045046,1.1074814111962443,3.5436901012906157,-0.5680440225070202,3282.0949804175193,65.17522738085107,-5.595805347849895,-4.71731601774262,-11.956767628777365,3.4699389577719018,13.11888170856255,-7.0549406542992505,-4.259681003678109,2.7210216946865042,0.18637657475082087,1.2569591484358842,-3.311344179175046,0.5014203739737096,4.395921392861627,-0.8832024651547917,-0.044049215132513815,-1.5011983329987373,1.1940291051697407,2.503364868008515,-1.2158521076500959,-0.09119775476131974,-0.11038804832302043,-0.13659142012604558,1.4508611746362643,-0.047634648168551015,-0.7472266272774216,0.2165930370823186,0.009002783757275729,0.6045685627567741,0.586190578546349,-0.8396414977523977,3668.7543375640635,61.60027438071398,-4.09626149995929,-1.5430666634446049,-11.803802689199921,0.4535510655012599,10.120902580823236,-3.7722908692610146,-2.21751670522754,1.6638898367055817,-0.07270226591991884,-1.4903838524434574,-1.8253907238553935,2.30419124577663,3.1179076805313723,-0.8228919068953381,-0.834998768456781,-1.9131754055813057,1.914458619531471,2.565210377002538,-1.5297461845062277,0.09561477359494562,-0.70917893920683,-0.4198009625270627,1.5624123483557386,0.44615153321809126,-0.6594871922382722,-0.1727435852443232,-0.5132406093947077,0.4803815445065363,1.3362474743110453,-0.6534011695500079,10071.484486738049,114.64399742207416,-10.08285804984555,10.428997262362119,-23.300999712441055,-7.336571161818109,13.354414174729508,2.959751570232632,0.7389004885796382,-0.8615567800000199,-1.9642807208017885,-5.914314427321532,0.48168419817826963,5.945882957468394,3.3640669579762883,0.30859837733838524,-3.2927647528863484,-5.22364277798966,3.97438862287868,7.20953012929422,-4.105724081761351,0.28989299177025296,-1.9798602779534367,-0.9193892880161542,3.6207969777146713,1.5610136987876293,-1.022771786292827,-1.1316424467279858,-1.750475768323669,1.0721305609180276,3.1720700983071906,-0.6013467421175692,4207.25069781662,63.921005008834584,-3.4998829292156772,0.37486407187698756,-12.48296340450285,-1.241110017583369,9.152341290475148,-1.950217749547012,-1.179216216685188,1.1943706826660256,-0.43384325272551594,-2.8984900328936876,-0.8864717053130615,3.1867100580602075,2.6376762452290095,-0.6601489823010291,-1.419931825692958,-2.303281201288473,2.4368881825673014,2.8905656835150295,-1.8575735621353153,0.18814795030571674,-1.0879939443862392,-0.5564532697527962,1.774927811479342,0.7358016967185567,-0.6389844930751855,-0.3927368183960776,-0.8650371993265185,0.46499832199874636,1.836725656596447,-0.5697433199466886,,,,2.309275198582995,153.839303,88.48269699999999,152.05999999999997,152.05999999999997,953.7099465452816,978.515422692002,6.8909536809295915
QTICSWKIAUNFNL-UHFFFAOYSA-N__OLBREFSMBSDUBO-UHFFFAOYSA-N,406.68369948862323,-2657.069701777638,-95.40250175597792,-26.839087896743813,-78.14910887581287,531.2402449592663,3470.8604279471115,39.70415411523509,35.059196241890014,53.39785273764786,124.55654547064307,6127.930129724749,135.106655871213,61.89828413863383,131.54696161346072,0.4335998690469708,-2.8329266114873803,-0.1017166715070237,-0.028615420318054346,-0.08332137092609943,0.5664001309530292,3.700577694484854,0.042331954899186425,0.03737957267156418,0.05693196453053621,381.43837956702964,-2492.1292953642596,-89.48029075716352,-25.17302318549757,-73.29792045188998,498.2629460016581,3255.403103208245,37.2394768387282,32.88285962836611,50.083124664742215,0.07757568549435073,0.06404436218716553,339.6208757772598,0.0,633.7079107912998,304.2160336565896,0.6756495711007069,0.324350428899293,18.17826646376709,9.555275776435959,0.9024324246712049,0.47435715086025787,562.8900000000001,4851.0,62.34512588928673,-10.125766837902354,4.852446155487571,-14.776881687114114,-5.635520344550735,11.508795755665785,1.4675446936977232,2.7426172448325996,-0.21832715283093065,-0.953373907423983,-3.166196804006129,-0.12110236640384767,1.988873526922579,0.6887999743298657,-1.0765455738413587,-0.9366010034374301,-2.8795382081760934,1.5817846704266803,3.061873267608765,-1.3050971913820564,0.2583534266163585,-1.3710072034953125,-1.6765340804454858,1.6680463373312975,0.14477876615207957,-0.2748562257988475,-0.0017246926497120202,-1.3309250963708614,0.29439255641611617,1.4717150191234398,-0.8476536000140195,2450.786120419845,39.2680768018739,-8.201331399700262,-0.3194984359803831,-10.470244724800693,3.7663824896921985,10.760694166336183,-5.05583189581517,-1.4162252815283676,0.5043120103587587,0.7377867009340541,1.5235492864476476,-3.1498789661153492,-1.207113497925989,1.832226208743039,-0.4245168655700221,0.05528360973954876,-1.2241480444272164,0.15219884235454254,0.9255593249756748,-1.1432566366599837,0.34603926869149815,-0.5812830014401201,-0.6346768429431495,0.5049210075444283,-0.5288549765105678,-0.2340894780797032,0.5548070203697544,-0.5295136004932789,0.3787747928718414,0.27243811207666707,-0.9371060906668612,2030.3240959427046,39.8307574683793,-4.421336989031268,-0.1785464564636833,-8.9609199342866,1.6198449493434048,8.438140584051585,-3.026322104574273,-0.4845696905867501,0.46930497981388664,0.4556190202025294,0.04513287140624693,-2.2150979718462684,0.33256048161784735,1.4738156002660443,-0.4974255707022154,-0.4488893687200427,-1.2215390455478017,0.6421352839557037,1.1136420373114229,-0.9707110506871766,0.20191368798555973,-0.6522542978916663,-0.6383945548159093,0.5198257883032144,-0.18985670601439664,-0.1238681891610773,0.17019150491305277,-0.5671285281823826,0.2523448655139134,0.5487272333995584,-0.6066473041333682,5248.1811491415165,63.02090342223055,-11.645569407517572,5.885435220649094,-16.17258976727931,-5.979062577845948,12.764190553765578,1.1574698893263484,2.4822778882434173,-0.12081590705432274,-0.8249440187703968,-3.0060989547851626,-0.46031881683644876,1.42698916041607,1.0405515341478488,-1.1814734210206939,-0.6342049934830652,-2.858604632870389,1.2890289544767723,2.9551753716696836,-1.266833156386671,0.42832567200715377,-1.4237398511819237,-1.7452441278118085,1.6814895388401825,-0.10059031089837295,-0.38431964870817575,0.22016204573609524,-1.2935119127132702,0.32730143921737936,1.3466341559141468,-0.983649448455531,2125.636786382523,41.918188872277085,-4.334778071923666,0.4551187331730322,-8.626314358808555,0.9617909591178675,7.6925413650242165,-2.2236474356646037,0.19615655193351547,0.196518692765124,0.4722074455632578,-0.7835177583825405,-1.740860956467921,1.0326580149350932,1.0929253157110783,-0.43476557386502684,-0.7540250107418263,-1.5066686868749157,0.9428308651809642,1.2698319976373964,-0.9720119926226266,0.16056939803597134,-0.7499527662059724,-0.7159293280533835,0.6750921968060056,-0.006065440196338265,-0.05534909070043448,0.05181910094392586,-0.6833594240175922,0.20523613097259466,0.7627965692946507,-0.5266040264336368,,,,1.6551562831443438,109.55472,57.97528,252.95000000000002,278.25,726.0402552617982,847.245860760001,8.558038997575768
OLBREFSMBSDUBO-UHFFFAOYSA-N__QTICSWKIAUNFNL-UHFFFAOYSA-N,459.58959322627766,-3000.2314473177175,-99.16015846736282,-30.305368154724416,-88.24210139169757,556.8351297082311,3635.0567805379856,46.48158632710462,36.71774525795946,55.92395046981517,97.24553648195342,6635.288227855703,145.64174479446746,67.02311341268387,144.16605186151276,0.45216294217972336,-2.951749775089868,-0.09755779865436429,-0.029815654293837042,-0.08681616985558434,0.5478370578202766,3.5763167684895074,0.045730475930286445,0.036124411802924326,0.055020257976761654,467.1382249586029,-3049.5094175793115,-100.78883659633124,-30.803125430094052,-89.69145345821504,565.9809924338902,3694.7615810095294,47.24503350408377,37.32082405060132,56.84248586168508,0.07764030464955778,0.06409957175292215,342.307759942907,0.0,671.2136777638727,345.21104517063605,0.6603673273767082,0.3396326726232917,23.44895926993087,11.972307367103278,0.9585998380197275,0.48943118416109677,562.8900000000001,4851.0,57.413957912040566,-16.35095990392695,11.152179464606474,-15.99576678200497,-7.23157976264263,8.77819418523344,1.644340624750382,0.10800007953156027,0.5683716258666096,0.05635078506845363,-2.809597336842654,0.1999278743148705,2.3202800515064457,1.5489371908130043,-0.13546849400887714,-1.5773894669993442,-2.79615782045589,1.3193533685652337,3.0302275510256504,-1.8086890569998602,0.31542017017453927,-1.0223478647386086,-1.2593900209462983,1.609022335873964,0.8067780489635461,-0.6119084286444525,-0.010027959675379495,-1.212839862583639,-0.09562657241012769,1.4823248376349225,-0.8480905329214712,2450.786120419845,32.37095357757802,-10.69470273945784,5.436156507854171,-12.462120929314834,1.90854183843941,9.744543711009669,-4.961976039617056,-3.483464692429956,1.9425809849881523,0.9111359093126563,1.453365342630757,-1.9952822804308774,-1.5099523922928535,2.8053796558041917,-1.0102319553680301,1.2366789067111053,-1.4297091307950616,0.18693182861172106,1.5180523535044348,-1.4144194552071494,0.5779353021355511,-0.2930706782001469,-0.665370324972819,0.46941984203393894,-0.20532680829955724,-0.01227094643748414,0.3650343637894014,-0.3359521824969029,0.4898805240101045,0.17859812826803573,-0.9640604105298963,2030.3240959427046,34.34457888312998,-6.803834402283647,3.244058824639371,-10.121347167845528,0.6421462228878655,7.2473938467483,-2.702794584144361,-1.9591792911634474,1.1690707896000123,0.9729047435246644,-0.24815101640603865,-1.4548139429228208,0.2557188594221696,2.0455114876731852,-0.834240157670714,0.1040149637400123,-1.3537782050998843,0.6705289417252052,1.3795154122093436,-1.1965213624439346,0.38012607257905506,-0.3873564263959168,-0.4684582506117959,0.6964773172733896,-0.0332639623718179,-0.24046933161612213,0.2154561724951706,-0.3695066185019441,0.2703998566985591,0.463928149277166,-0.617778947903213,5248.1811491415165,55.024907630493885,-18.304237935454413,13.072244588623798,-18.04780297264863,-7.751431778989642,10.280404271075698,0.9540569779664623,-0.5058604192891266,0.8020792298854379,0.2266986921660389,-2.396820985950392,-0.04352595043390518,1.7448290558840192,1.928600566521804,-0.20918424509589453,-1.1691694936497243,-2.8734753478491677,1.025747978160999,2.9904515262936164,-1.7804380217652205,0.45768150082366155,-1.0003802269859896,-1.389920214858092,1.49479921215184,0.7843800426556654,-0.6430737897260009,0.05235546199921501,-1.104824371657026,-0.10948396258222662,1.3018391216802754,-1.036680508170622,2125.636786382523,38.131514013711936,-7.034185194541785,3.3332964233275377,-9.63789352333977,0.10897769258535264,6.234963272961181,-1.5858606740333665,-1.3100398119881027,0.8630264418751626,1.059393323127564,-1.1922294300987855,-1.0479355181503198,0.9850385533221836,1.5690787832435367,-0.584723709851626,-0.3654724964852846,-1.5513493705710064,0.9807920463027799,1.560272070414959,-1.1916054418887811,0.2579800274277045,-0.5097562380368,-0.5374912462193052,0.8937419779627975,0.10015358354838952,-0.25579100601750615,0.14181785587929543,-0.5308577809822558,0.20836982152127073,0.7176603992599326,-0.46141259163755577,,,,1.2723420935161818,109.55472,57.97528,252.95000000000002,278.25,726.0402552617982,847.245860760001,8.558038997575768
UNCHOQLETXBVMB-MEIPLDTASA-N__ISASJBLANBEGOG-MOIHHSJVSA-N,267.8423452506214,-1706.7388410110555,-44.79395449050579,-14.22282367509213,-46.128076784082566,655.6795411773288,4178.1061136413355,37.866686177113124,34.817550947011135,50.33862787519681,387.8371959267074,5884.844954652391,82.6606406676189,49.040374622103265,96.46670465927937,0.29002273707512993,-1.8480762243897388,-0.04850340327478579,-0.015400635203247824,-0.04994800606458752,0.7099772629248701,4.524100809133662,0.04100247837501288,0.03770084007611386,0.054507238664260986,247.35826795114022,-1576.2106740903832,-41.36819735163966,-13.135088950753195,-42.600288488929266,605.5344067602996,3858.572439766198,34.9707134510627,32.15477033138499,46.48882457549636,0.07732962656984596,0.06437539499150771,0.0,60.181962787245666,748.817438873367,174.70444755458323,0.8108280376220266,0.1891719623779734,15.23672115271609,8.75323775153733,0.7406954529528306,0.42551696891972174,641.8400000000001,7140.0,43.823954770491135,-9.741136412323375,5.565908600804339,-18.838243713010943,-13.310966162728223,11.836765957828119,1.2849075611582583,-1.8151600888955057,0.9004887096746375,-2.824242485883758,-3.143448398936116,-0.8987076156880878,5.951832926646477,2.2106738427513934,-0.14748376407065894,-3.2464549654949937,-2.95214318189245,4.030343207656096,4.976605537114758,-3.070977570689198,-0.5528350391002385,-1.6657347763204482,-0.38211011244020193,1.8528160720859526,2.2812491688302248,-0.48541477147292833,-1.1184190832554548,-2.0828098992522364,0.28526548866746043,2.5858640798794554,-0.3339275669702476,2657.59448083674,12.214531430286085,2.7531492864717753,-4.080391644090563,-11.645683326967688,1.0548706080007564,10.665955612499936,-6.353501503746445,-4.096645196796634,2.878346767745589,-0.28890347652197773,2.606681951782123,-3.6909433029693557,0.6095835242934601,2.8125184119163107,-0.4275186884703944,-0.8295895244537813,-0.2177077025795417,0.698760197311497,1.0178835099584036,-0.7557247901912854,-0.09303908865906975,-0.0044427367738629825,0.45887818472489156,0.3222466839943897,0.08681121246124934,0.16585401245058726,-0.40079670702512593,-0.01603988252557912,0.1743045778257263,-0.05657342059953043,-0.6505478020207549,2678.0626975516107,21.312955580997208,1.5887704004393943,-2.3629793065703693,-10.586915276760697,-1.649203412764752,8.571754437289137,-3.7777389678594675,-2.2689179136979463,1.5987950039288255,0.11349735486088448,0.1865695556345217,-2.570934572188545,2.068177660949802,1.9477715776191076,-0.5771492917865821,-1.211398059465117,-0.715780344278091,1.5398668017851742,1.4990688406388242,-1.0698578395576872,0.09925538436660632,-0.5006240867445466,0.06967221683094077,0.7021213146353721,0.5779341029064907,-0.02445628963116846,-0.5168780325780087,-0.5496197682669961,0.025182289633651725,0.8639946752405209,-0.49664299653063093,7400.083655813478,37.19424078716644,-10.880138265337013,5.482706849109893,-20.13976852727536,-12.640312983971707,13.18145080383918,0.38993533318518125,-2.9349132225777264,1.3371035590858131,-2.553987451668321,-2.7011265542350436,-1.4756565353601045,5.778738007533931,2.5285792157290867,-0.233135432635134,-3.048725635429789,-2.721388173115096,3.625886917828447,4.911702486497999,-2.9231024884450703,-0.7434254420949473,-1.517965872465396,-0.20827670418900632,1.72972580893978,2.171859484272456,-0.5515937809412851,-0.9742100390023081,-1.83951541933419,0.3111751796481969,2.1019794955696063,-0.2749589075645162,2947.5131319147363,27.06182319131243,0.8904918845491681,-1.1544201271851275,-10.700007148611604,-3.515640813298334,8.106742717668526,-2.4457720975469464,-1.602111733529434,1.1993838728764223,-0.09855961962915041,-0.9403684902078994,-1.8702311393612776,2.816286836560181,1.6880860853495618,-0.5353354013460323,-1.584559981252615,-1.0724191475175098,2.110755735049763,1.8895321531896645,-1.2718001757570507,0.10021265339238752,-0.7887259276590568,-0.09612978221555518,0.9728492184352588,0.8776499549381755,-0.09830588347965308,-0.6493395299381579,-0.846521121779085,-0.01525168326372333,1.35851807414362,-0.4428869483601223,,,,1.5470045874617748,128.86520099999998,78.154799,179.46999999999994,179.46999999999994,824.5671823567446,881.3910307040018,7.3449252558666815
ISASJBLANBEGOG-MOIHHSJVSA-N__UNCHOQLETXBVMB-MEIPLDTASA-N,370.0870074142754,-2359.7171520745433,-66.04924621688338,-19.66430960062119,-63.77613924525795,733.1605080494622,4674.715381541034,43.20987608355568,38.955961512841924,56.32187206675942,363.07350063518686,7034.432533615577,109.25912230043906,58.62027111346312,120.09801131201738,0.3354523823774155,-2.138882815505515,-0.05986802171869865,-0.017824023462545954,-0.05780764366231123,0.6645476176225844,4.237231732696057,0.03916607604177825,0.03531026443913379,0.051050984731277775,408.2975714352092,-2603.352085223407,-72.86866678702926,-21.694600710195054,-70.36086716820022,808.8575089417009,5157.368130185264,47.67118843267878,42.97806775154385,62.13696542391882,0.07728187232364395,0.06433560877173511,36.88467786452656,96.20381246668693,878.1939765600955,225.05353890364205,0.7960081162665991,0.20399188373340077,19.132392982309323,9.990657549731635,0.915028403993614,0.47781453376117405,641.8400000000001,7140.0,88.32950225127934,-19.930752270357985,8.939034059637358,-17.26544966465597,-7.841718301688797,8.016373930710381,5.889414166921215,0.2959118178113693,0.2980036192934906,-2.0527467348635073,-3.731326277529221,0.25092645047012135,3.6917437865249343,0.3258481375062344,0.8386492445367172,-2.5270871153153562,-4.507700809295045,2.5990282115806074,4.346137543043001,-3.090919660956854,-1.262469953717502,-1.1237890469684717,-1.3298453670583774,2.6672592378371722,2.031429400230044,-0.737104075437242,-0.6302258875060356,-1.9061397544205756,0.29286296528561484,2.2259135925043467,-0.5918615676532435,2657.59448083674,42.44330765978182,-7.802222154353044,-1.679812023582956,-11.316718179896627,2.8717704688417487,11.842241915011243,-4.762918697220461,-3.858351415061346,3.224703857033099,0.18081067519342203,1.3549384889468807,-3.199549704369056,-1.1831693665602045,2.5444553016619147,-1.2723529545010412,-0.1276877550837613,-0.8516382315954804,0.4996339806274275,0.4981929475275019,-0.6551666185867279,-0.035073049274288774,-0.4554639013735227,0.11643915625023792,0.30572550460895054,0.41060696067499886,-0.587989223597021,-0.13379501917808906,-0.09513593959192232,0.3340438799596,0.26786905743923317,-0.2432839221338555,2678.0626975516107,45.34882630449618,-7.530957515997379,0.03002941490483316,-10.246881223467394,0.7517254170950731,8.349074633864138,-2.696626564018431,-1.5847611946602576,1.6615135044774663,0.1599777221298455,-0.43413122518022035,-2.106002666326322,0.8088912463563793,1.6022100536043884,-0.9210657587469053,-0.6034143193194186,-1.3210833206742794,1.115387094637309,1.0979537371631343,-1.1546084168337956,-0.08235827222545518,-0.5374879791637306,-0.32382138026877866,0.7730645065929967,0.6557513650767328,-0.5132852587049805,-0.1977636115057602,-0.6215434664758365,0.1701275183628531,0.8640852068009564,-0.23978794240111628,7400.083655813478,87.98757151934335,-21.74025450003611,8.413416176455028,-18.195052309321408,-7.900987093325927,9.974820303123684,5.591461459199547,-0.9208502115373898,0.6800669745342515,-1.658636698096406,-3.505518602659511,-0.4211630753010674,3.1151092630942507,0.7888934472411694,0.586956262495693,-2.319365248908979,-4.446530046570469,2.275281511228909,4.1977647253943395,-2.7607097879834557,-1.2613910867828877,-1.1526889273867713,-1.1514784208000748,2.518376541637025,1.9729216715872167,-0.8383912525018555,-0.615085372480798,-1.5901097047895372,0.3820098205741416,1.9285444800779232,-0.4557711685229285,2947.5131319147363,49.66515278129816,-7.9297506142488965,1.4643364539949157,-10.48320626489826,-0.6156001390067926,7.124813251007678,-1.2573271546265745,-0.643120651206965,1.2217404212565015,-0.10281868594960192,-1.316826427999846,-1.3876960567431578,1.7122107163382905,1.1548429805197231,-0.6495515832706443,-1.0202951161237426,-1.7064031723042699,1.5636852960915528,1.4987236918524607,-1.4456911618155084,-0.2064662774489149,-0.6547626529253368,-0.5782462351636453,1.1240762935716195,0.8490305690367242,-0.5045580547414017,-0.2758305705188564,-0.9389894030272479,0.13991287290464677,1.189769160188153,-0.24771756504289025,,,,1.390616475296931,128.86520099999998,78.154799,179.46999999999997,179.46999999999997,824.5671823567446,881.3910307040018,7.3449252558666815
VDDSNGFFLHVZJS-UHFFFAOYSA-N__LCHQJTVSDWHBDI-DCWQJPKNSA-N,423.26625830669246,-2469.5592137241597,-75.43054782970727,-17.766613048375245,-53.686069863568676,838.3186357965982,4891.1943024952025,48.78280145251694,35.18844821938995,52.593487123604326,415.0523774899057,7360.753516219362,124.21334928222421,52.95506126776519,106.27955698717301,0.3355035878164518,-1.9575053769801773,-0.05979030676593649,-0.014082772496260266,-0.042554464716960366,0.664496412183548,3.8770235164964975,0.03866787061301235,0.027892255514363293,0.04168842490856449,533.9863176633448,-3115.5585991280004,-95.16203969589446,-22.41409064120863,-67.72953476365217,1057.6101273662666,6170.65684615203,61.543645404535454,44.3932147205182,66.35114888335515,0.06752534940376448,0.03626500214040977,477.70138619019934,275.37511113388354,1033.2857468223447,228.29914728094622,0.8190378242890926,0.1809621757109074,20.732556110762523,11.36640651057599,0.8240202909751383,0.45176048482147607,745.2900000000003,9591.0,64.85462265156332,-17.514542937601217,15.090378032012131,-22.64969878709713,-8.911383227351953,12.742564694286258,2.42971878172621,3.1004781122059972,-2.1815334638975754,0.8443523671360373,-6.915575638339224,0.21744776651224615,4.425722811491316,1.6555240618928688,0.8044834090821075,-3.0646787611922006,-5.598514731813558,3.0475542624687892,7.093062656812579,-3.2745714104509043,-0.7598095515411387,-2.1079795788022544,-0.7074567278646703,2.383552443758066,1.947942642058394,-0.5187539551018605,-1.7456903397233268,-2.2428344800981717,0.750904862324775,2.5636745815424113,0.16596852166148457,3168.5027831435295,29.25303169645268,-4.853839767696776,-1.9006638856350155,-12.664398659040351,4.857590242332654,11.674277626473584,-6.713433580212593,-2.723502459274029,2.4943049915486863,1.5089079501669056,0.6619819701980714,-4.2803112425531165,0.6539443188352748,2.7078204255482596,-0.31754864728628857,-0.6583163881105788,-1.6594878597455285,0.6794991437773701,3.092919036063143,-1.4317291203412166,-0.3766411457838032,-0.45117799038493134,0.3978225450736624,0.6277383244550836,-0.12070154788061205,-0.40925646923766507,-0.37147526545715503,-0.13744761728306557,0.09607640715630922,0.53690562805246,-0.6376464212741814,3526.33436436108,35.19463313928299,-5.8707876206753875,1.8597067313851185,-13.11186550978041,2.975128338410725,9.806131420024053,-3.8203707053563734,-1.6783008808193245,1.0994360349676056,1.6918414822093992,-1.6576847361922324,-2.6495396075311546,1.9042293751171089,2.013946395352996,-0.1691582111624286,-1.1987113181293347,-1.9990572938609155,1.4477619648206947,2.9474479396405715,-1.4466482217404333,-0.18198102858417095,-0.7962916121589301,-0.07179832885991899,0.9496918367173608,0.20234734593632422,-0.14962092859256318,-0.5849634531818821,-0.5755253161379376,0.246587981475039,0.9244436291057968,-0.33975298240839913,9613.119229506301,63.50890282745345,-17.01723270758438,14.531735338660287,-22.437762871436828,-9.102198109144702,13.494400184529507,1.7867734878775277,2.7829919924996296,-1.775025331184197,1.1547070440913072,-6.649675424126137,-0.5131649383312812,4.134797973674855,1.9806692686309166,0.7822255746832382,-2.900359285161779,-5.372335570289808,2.608066996363686,7.280286158894622,-3.15361757142334,-0.880169279911534,-1.9762063648550834,-0.5283014975735433,2.1922322703089567,1.9089303066190617,-0.7251404818051572,-1.6310657532822284,-1.9847117241077492,0.5433963459506355,2.4303700433255413,0.11100578470577478,4064.19742086262,39.46179262636494,-6.767951891727823,3.8614755784278056,-14.079371305164408,1.4664827669657348,9.571972001062843,-2.296918046517368,-1.0157488347295232,0.38748266069987347,1.6322544372579237,-2.868073819605605,-1.7758111172888762,2.512576594970649,1.749953773598798,-0.06717527782584568,-1.5875341649268266,-2.3824397490968767,1.930710366010022,3.19066395101957,-1.617809751051582,-0.17067746771784717,-1.1092281730273486,-0.29485264313730586,1.262696954330136,0.4401841854039737,-0.09398844319932759,-0.7482239825647976,-0.8853664669705095,0.33766453170584787,1.2286400647158744,-0.20036988879026618,,,,1.834702919875713,151.212717,82.03128299999999,201.53,201.53,944.4817443347797,961.5389727480019,6.917546566532388
LCHQJTVSDWHBDI-DCWQJPKNSA-N__VDDSNGFFLHVZJS-UHFFFAOYSA-N,421.84295729677336,-2462.197504338652,-70.84462594744714,-17.713651110350007,-54.71550009641448,823.6564443179218,4807.487731045134,48.45704249370129,34.58624266938944,51.14348650048014,401.81348702114843,7269.685235383786,119.30166844114842,52.29989377973945,105.85898659689462,0.33869382574562945,-1.976875702346063,-0.056880497779125766,-0.014222127355007642,-0.04393057116324584,0.6613061742543704,3.8598876280571406,0.03890571318691957,0.02776897574141827,0.041062634341033404,525.4051508885047,-3066.665518310987,-88.23693922516232,-22.062341858352415,-68.14812262913304,1025.863608534059,5987.723092286703,60.353217429922815,43.07714454882519,63.699181832837255,0.06749949926479003,0.036213023695143516,504.2782018725602,366.13820082506334,1025.288709644962,220.2106919697333,0.8231948632939953,0.17680513670600473,26.805820339893636,13.789459053951099,0.9439355985623638,0.4855796659418402,745.2900000000003,9591.0,74.60982912978366,-18.97837632053805,11.84233455015205,-23.160730815928186,-10.5612811037861,11.746405823079494,2.4657281122549604,3.8979532782961055,-1.8205217992668692,-0.7009545535115416,-5.877661699397443,1.0153324157611636,5.4762666210064515,0.29100104897453277,0.016738560240960706,-2.767259446440608,-5.017846940371328,3.914812575009038,6.615885030039927,-4.576081251673991,-0.32856648518744136,-1.0934768562273625,-1.5175744060870187,2.8973270417738894,1.340248846183226,-0.41279164127599044,-0.7940255736977071,-2.2730085107778213,0.5147891779784023,1.9908187770836687,0.19188919873711416,3168.5027831435295,33.685438376302734,-3.177806727191992,-1.8725687839059415,-11.157698244513972,3.877944161695175,9.769320101845768,-6.206382829602093,-1.8736924406389177,2.624051546382153,1.2100372347043038,1.2119771169299498,-3.9764879871169967,0.15337373444232638,3.085978199420274,-1.1619264575327382,0.13976808396182616,-1.550129234317825,0.9020793334345929,1.6911564198888156,-1.6745022212827798,-0.20997883146054383,0.7325424807637342,0.035568254557841086,0.8296276187680871,0.19267056125953494,-0.4429158697202252,0.20845792621606862,-0.19069842464662276,0.014071470800565783,0.3107108064758883,-0.6613565880236203,3526.33436436108,39.37337352870219,-5.636531928277452,0.9330105886222665,-12.518312210936148,1.464698728372386,8.29061851353728,-3.58193668990203,-0.7004987088118677,1.2564733439654896,1.3892984344537491,-1.2814676183668443,-2.154898254553163,1.7967228913332016,2.0582046438171355,-0.9801777409160657,-0.7016498364504611,-1.8806125825620088,1.7451663336475127,2.094036205717532,-1.956477497723455,-0.07255529438190461,-0.043902769397319345,-0.34986694850236266,1.2217315578769532,0.383308373135875,-0.17189705091454638,-0.15433815578881355,-0.6177930852482978,0.11403444464973136,0.6920044658692023,-0.34608991925372223,9613.119229506301,74.5375203288014,-17.79018069728455,11.583807493396264,-22.913147249122087,-10.638989396517928,12.412326285795617,2.1464235077148426,3.5122708806566036,-1.500599441009883,-0.4954410661345341,-5.495162378639496,0.3272530109156975,5.103468061784528,0.8128029732985377,-0.1641656996305253,-2.3873009517035295,-4.97803412376327,3.422008825832784,6.5935259905791,-4.335927435903079,-0.4338754324433513,-0.6893146081607385,-1.4981372436774514,2.827314187077758,1.3627832221359284,-0.6462185259917562,-0.5596776879487877,-1.9740211190282373,0.34838702916950004,1.849082586714044,0.0884322665697401,4064.19742086262,43.66517847803047,-7.013212871772007,2.5121001981554616,-13.738726557958474,-0.27426264135142525,8.162095039483628,-2.1737891036895736,0.045572597180631,0.5867564774726186,1.2856180137746462,-2.501298859795582,-1.2656768949988184,2.6346078161329594,1.5400443789799951,-0.8503545979085578,-1.2315908543044345,-2.205361018947945,2.2547030849133116,2.553991005690954,-2.2435206134087835,-0.04735894200854565,-0.45077739720394505,-0.5530077967531628,1.5234303191254819,0.5220273055500451,-0.1054242306284652,-0.3469927181666857,-0.9379954294051611,0.18825379043475893,0.96365916483653,-0.18624192472346723,,,,1.6953796609492138,151.212717,82.03128299999999,201.52999999999997,201.52999999999997,944.4817443347797,961.5389727480019,6.917546566532388
VZLXOQOWRTXGOG-UHFFFAOYSA-N__UWAUQFYLBRSXNQ-UHFFFAOYSA-N,439.3327507969014,-2249.0456490284023,-58.82545356917839,-21.419482371699075,-68.15289845540613,553.3618507504559,2832.786903574035,25.753934192038926,26.978922891181284,39.344262549639375,114.02909995355452,5081.832552602437,84.57938776121732,48.39840526288036,107.49716100504551,0.4425658708248175,-2.265596735917285,-0.059258359496953586,-0.021577111770640815,-0.06865444654294803,0.5574341291751825,2.8536338357823685,0.025943461515651564,0.027177465102689223,0.03963380327475512,436.12324999903444,-2232.6154744240675,-58.395710191698114,-21.263004518324454,-67.65501437648689,549.319321942232,2812.092266511999,25.56579144104294,26.781831109638084,39.05683703488887,0.0903210485593262,0.059117348087990386,0.0,7.192832841521516,852.5320256909653,140.16257585639215,0.8588059453149898,0.1411940546850104,15.766030717823382,8.485140345901579,0.8580754206898367,0.4618087140786051,627.23,5460.0,46.95966424873129,-9.461781005957194,3.799259314663398,-16.49602316223936,-3.898474698721953,10.577897901680103,0.2775759856385872,-0.33230754988944217,0.9946052853102008,-2.4532208452256357,-2.274158378288988,-0.24098278909389986,1.343058761933171,2.223414577080432,-0.5398069750907281,-2.246505094868676,-4.521675815489465,1.7960638546737835,4.895048252328008,-2.81123956988844,-0.3076071193572422,-1.6293714096201526,-0.8699612488756538,2.4249234929713994,0.3696761951049322,-0.10094167252628046,-0.3666022982462397,-0.9256308676478735,0.416965093882973,0.9017480841275182,-0.4285106815142781,2830.635181882819,33.19781302301436,-9.955302092242563,-1.718216101481306,-12.384762004160663,5.2975753761771625,8.94823647628074,-5.956626241322625,-3.164335414574825,1.9788520291132738,-0.2568421160426519,2.6446721344809103,-3.488743806444238,-0.6689195991756096,3.6008481665484804,-1.4636928092493542,0.7702781498461111,-2.3701767001225744,-0.1420200339165632,2.2047802139115618,-1.5746253981361504,-0.12452263054352376,-0.01634065621153897,-0.4091180926631152,1.5191402114781665,-1.0953888276795727,0.04558528336062758,0.23783460370130893,0.13754383874427226,0.37660448844093825,-0.5256974759924563,-0.3402831617672982,2501.5069301046933,33.41242041772922,-6.471831026403937,-0.6069731572723875,-10.18476049943512,1.7010955525391942,8.706144430132543,-3.5936213364716125,-2.5704396726224052,2.0042747917253307,-0.28647554394371505,0.8024666873363219,-2.456057246510129,-0.018164665421653608,3.009560925481705,-1.2297504634741965,-0.13845204196956912,-2.2577350147055757,0.2977475510972255,2.379394022079694,-1.5349237507408229,-0.030505689599226345,-0.46977216430154245,-0.3509201249598001,1.3660898843301241,-0.5429718631058709,-0.2552234142896219,0.05983575603453807,-0.17037474888845716,0.24948055567104516,-0.022977299434909972,-0.4935923736715374,5658.945308649967,46.22562230688575,-10.167738824636235,3.96609950924594,-17.994932489534293,-3.2043089907937876,11.00604061258795,-0.374920431212605,-0.784354202415863,1.124845411686276,-2.2854536248619497,-1.8115039822027301,-0.5667917927300418,1.1459636331434748,2.5976523948434598,-0.8426262506066214,-1.9947747793858335,-4.568765384732759,1.6455164407070004,4.757678753817267,-2.788586963698226,-0.2820407402004945,-1.517169055065009,-0.8962509302771502,2.4559924031641716,0.21704861551794408,-0.08022623852182095,-0.2612134238022746,-0.6753068965918623,0.4335518198482624,0.6186468496729637,-0.38982111311087503,2767.6904867693343,35.135564120664334,-6.725217221525157,0.31962078718257814,-10.425061461777835,0.9722188693048366,8.197853948979839,-2.5027467190645427,-2.026801346920708,1.5835770609918418,-0.3131625410883603,-0.2074331559865357,-1.9248139971424814,0.517782259278956,2.677113231139823,-0.9379161598633105,-0.5518083555650132,-2.4645014969200063,0.5340050530659887,2.754578423239781,-1.669466082411605,-0.025434418104836265,-0.7760280850875919,-0.406181997516993,1.5004000688835162,-0.3602673999063832,-0.200903471842031,-0.0660254622020542,-0.40327266210208035,0.23942627306216763,0.3212079400571654,-0.4615696310087606,,,,1.6589928597284365,124.951306,58.316694,158.14999999999998,158.14999999999998,787.5057366225067,909.2098963440011,8.659141869942868
UWAUQFYLBRSXNQ-UHFFFAOYSA-N__VZLXOQOWRTXGOG-UHFFFAOYSA-N,506.31157131400647,-2591.874184804735,-70.98027146259378,-24.68451604575938,-78.54164196377984,647.3211348074258,3313.7203130310118,35.22604016665746,31.559241076485826,46.023893236541824,141.0095634934193,5905.594497835747,106.20631162925125,56.243757122245206,124.56553520032166,0.43888455019297257,-2.246706573982926,-0.06152761714014923,-0.02139720546650406,-0.068082017393422,0.5611154498070274,2.872422301697649,0.030534883398971133,0.027356402873310943,0.03989475419024512,584.0975881555719,-2990.070829742567,-81.88516264862592,-28.476865045167308,-90.60820696189597,746.770832477487,3822.8161320515255,40.63791204340332,36.40777268620501,53.09466850071563,0.09025232852978175,0.059118522506354326,0.0,115.88222701055322,943.9771199417585,209.65558617967375,0.818264873154866,0.18173512684513407,20.238381274982288,10.841761722194141,0.8667059647282557,0.4642969921909612,627.23,5460.0,46.01968652557759,-11.301887721924754,3.3317754607366297,-17.763100158387065,-6.33822267519283,12.29742857080897,-1.9248721620731777,-1.4806783706937545,0.7528392359646673,-0.8925322931753108,-2.4941393573897797,0.2390899966620631,1.591628105641239,2.5902758447486653,-0.12337289330082298,-0.951041978729687,-4.125057473706687,2.129789341052238,5.673751317541396,-2.9390163155571805,-0.08836834851537016,-1.8762718703226622,-1.0658720404369098,2.2233356665613138,0.3084967864476824,-0.5971367574544679,-0.36729710650967673,-1.766136535690246,0.6535201966667243,1.1904169961401345,-0.7272795588689549,2830.635181882819,37.85008782858105,-9.261794277143457,0.9759334373171971,-12.676674183414203,3.7636851864376837,12.486515582163303,-6.665105710920575,-2.4910441643457024,3.3209463890708357,1.2058211734020141,1.806014586813002,-3.2954896080545266,-1.0534139678029812,3.7254595161511377,-0.3334469264515627,1.4018579050904003,-2.045774167260761,-0.046765300311525954,2.9571473403758195,-1.7240431301468175,-0.5358319451550718,-0.7120409175044269,0.18288644040269325,1.3187198146364998,-1.090052404513398,-0.520718521581947,0.7136313544331562,-0.406161424281208,0.5135383783412071,-0.011493882103240722,-0.6127172547669462,2501.5069301046933,31.893793370437173,-6.512399222175773,1.0438501787698982,-11.370666322446464,1.0888091894881706,10.613749193191953,-4.8322044142293885,-2.2120808977458197,2.0950815764604562,0.7497442318318239,0.4659628772250713,-2.544634487011138,-0.023302283046430866,3.0309618294963987,-0.38149239341356644,0.30408482010293797,-2.2543486672927764,0.5422054953644461,2.855721984444807,-1.461926745547309,-0.2531440977480552,-0.9948438996934873,-0.15077091806155699,1.3359981300279642,-0.47465546463706704,-0.5975570849505106,0.235949324725574,-0.6554677899829608,0.4236695159362314,0.3164946960726183,-0.5536413311633082,5658.945308649967,47.06682941501752,-12.251014958592252,4.5742050904225176,-18.914616435708457,-5.917841314362243,13.531116241436624,-2.2041426140196916,-2.0026511203721333,1.1534717384993627,-0.75216702858586,-2.3208421152394534,-0.0331369739934129,1.2711602917599,2.8948371661447334,-0.16182626140827053,-0.5970210187280055,-4.111242432202843,1.9465854413158616,5.578600139564613,-2.870249899552596,-0.14306936496650763,-1.8548877819148464,-0.967419686721906,2.197242037437484,0.1687913444128465,-0.6345322186599389,-0.2098754411530418,-1.5333316292733539,0.6525729375286059,0.9905230179104763,-0.7155486614193436,2767.6904867693343,32.907388938507665,-7.031399781975693,1.2149114761499078,-11.626378497401625,0.008426834827255716,9.796156491027036,-4.009919423533233,-1.8324596560929851,1.5164758120321926,0.7902958354903632,-0.3727568449026171,-1.8913416237218141,0.4964494654893707,2.7635596088302687,-0.26777691486328975,-0.025648087317590086,-2.445744261454178,0.7639436123392784,3.2549615125694777,-1.6583384488332753,-0.2127986745452348,-1.2189230114036844,-0.32246608880976946,1.4893085203502454,-0.3001172694866437,-0.5635542376053241,0.05388003379604138,-0.94160734474418,0.4598844952308985,0.5670702501473024,-0.5128863645599752,,,,1.8129605932473158,124.951306,58.316694,158.15,158.15,787.5057366225067,909.2098963440011,8.659141869942868
KPSFZKRFARILAF-UHFFFAOYSA-N__TZYMMXVMXBGZCS-UHFFFAOYSA-N,348.58226096106984,-1593.4954861536294,-62.41180020621347,-17.70550540170699,-51.40308019850417,473.31072677109694,2163.674377974355,32.24149749228478,24.04082642193728,36.6724470843111,124.7284658100271,3757.1698641279845,94.65329769849825,41.74633182364427,88.07552728281527,0.4241212252253253,-1.9388113902158117,-0.07593665007220116,-0.02154234878017568,-0.06254230291018748,0.5758787747746746,2.6325499916291286,0.03922833990985628,0.02925055546254587,0.04461949138354455,286.49731593172754,-1309.682766052528,-51.29582094122785,-14.552030733916975,-42.247831162984774,389.01076735158017,1778.3087989928804,26.4990607028931,19.75898665547645,30.140827101574242,0.10849608307090933,0.055746833966475756,1.5454702493252965,11.017816804780756,591.1980877048003,230.69490002736651,0.7193127286997321,0.28068727130026794,14.703375988246394,7.989803887679237,0.8402674452272719,0.456600722577853,510.0600000000002,4005.0,38.25079276340056,-8.453064529432595,-1.0338947337382018,-13.759840921052065,-5.175888917946944,8.333167936317361,0.5776260501323462,-1.6979011767788068,1.0603040735610558,-0.44900800741445,-2.6068836397316306,-0.06245903349769684,2.409670638767412,1.8628525620467955,1.028955051408235,-1.2895696376384864,-2.9119970176232592,1.5803696471506443,3.4042796363811996,-1.1873456486626104,-0.5778179265654431,-1.1658725442844053,-1.3566478857071567,1.7793444609804618,0.9430313300912196,-0.11810342101525632,-0.21927746906214887,-1.3719911483346174,0.6179836276049727,0.8072697157138539,0.09385636163604907,1793.7732816544794,21.618724547576445,-2.8575926627312027,-4.463320511828372,-8.66181754418722,0.8237329029679531,8.210444874648248,-5.483751260435901,-3.0806572905772263,2.39440860386963,0.035873896255479126,2.52159422957966,-2.8013109236590994,-0.48241870289401767,2.895345203121786,-0.26379687076594965,-0.1430928669001018,-1.0731918652610954,-0.056834266658175724,1.1215013096895454,-0.24282975758846995,-0.7159007852427824,0.23498871935105092,-0.3008967485417587,0.28903098662667615,0.044772351368360275,-0.11957675906533008,0.1653402690983799,-0.19614573662405083,0.28295628629004393,-0.6146753885046775,-0.15153973349834673,1722.5154833565193,23.544590765753323,-3.0926013599126314,-3.339289999128622,-8.466149937038953,0.5196724003163339,6.691529710352136,-3.406538893653975,-2.396915234813672,1.667225988921154,0.47933251330512017,0.33862301657172594,-1.7267645710865596,0.4812260424554998,2.054760631822911,-0.020669159160744993,-0.5047246476833677,-1.1990240287915164,0.6481029185363113,1.4610858054429297,-0.6789841247431736,-0.5036685696956971,-0.15197559805378316,-0.5079073481010501,0.6486469435526572,0.15797165361159113,-0.025377604204150094,-0.002866314776951325,-0.46588359857486594,0.19076451714136958,-0.024346914421222207,-0.13150284500669096,4181.434575034389,38.635748211807126,-8.906424065716445,-0.6735888703310783,-14.233253795400362,-5.429478330416237,9.148696194630087,0.03468428550059675,-2.1040827211811606,1.4242348552100543,-0.46112492745536704,-1.916087643516406,-0.640626290835967,2.1961743543013923,2.1990930219898384,0.8749003604250958,-1.097174733027999,-2.9369519647402016,1.2450993209458703,3.249331073379111,-0.7766147500795122,-0.7198853128580802,-0.9682406296835346,-1.3017469918788132,1.5819192566961036,0.9335791864916975,-0.1815301176251209,-0.07370667813964941,-1.2973902745770622,0.7007108770052406,0.5037651413683585,0.12426508988652933,1841.8723728736904,25.415963125426135,-3.2702863313875303,-3.0735430924837375,-8.79823380008443,0.05041238775639713,6.264405562956948,-2.3940476508720114,-2.062152416503668,1.4096898003782314,0.5020197655989953,-0.6556243185450882,-1.1352749755967853,0.9537802897250218,1.7807869240621916,0.14521064026963526,-0.7586659413803603,-1.3572592233738263,0.991630928636277,1.7335331679924462,-0.9028119791763018,-0.4213367929883506,-0.40944374051177285,-0.6327044664102012,0.9002363169624825,0.25406402984172544,-0.007893365538204671,-0.10668145644319327,-0.6294329757448057,0.17836516758219037,0.2622105981698626,-0.10317245034105017,,,,1.776216195349575,102.029341,49.708659,149.87,149.87,661.2718364367639,725.266104964001,8.058512277377789
TZYMMXVMXBGZCS-UHFFFAOYSA-N__KPSFZKRFARILAF-UHFFFAOYSA-N,364.00789583607985,-1662.2384171141614,-74.4871877445618,-18.469315745712905,-55.40794723713873,504.5875431909802,2304.1939712950693,34.16446507153455,25.602155236611882,38.403232854917825,140.57964735490037,3966.432388409231,108.65165281609634,44.07147098232478,93.81118009205656,0.4190764531803391,-1.9137084336708983,-0.08575590476044535,-0.021263427040787757,-0.06379028112236329,0.5809235468196609,2.652781568685263,0.03933300076938372,0.02947535076316959,0.044213026144754385,316.1755980930562,-1443.8127076809205,-64.6992315408787,-16.042363418676896,-48.1270902560307,438.28243860555517,2001.4123741005458,29.67509853793421,22.237915267783844,33.356872901675764,0.108611823079844,0.05580630283280601,78.92796876765993,66.03645533687931,582.0796580464346,286.5157809806255,0.6701389759753281,0.3298610240246719,15.432521100093746,8.20718628876755,0.8803668586412949,0.4681888827148472,510.0600000000002,4005.0,42.94033729412675,-6.83706306778177,-1.7676565471773122,-12.919526426014947,-6.957394473089311,11.051785493449133,2.185566852525965,0.04694806370666292,-0.5895741075813548,0.6725350582637768,-1.862429831773113,-0.7363608446405362,2.4091874464769014,1.1803903009969432,0.5983866392377121,-1.050290221285169,-2.30197601008736,1.277008222265724,3.433911091863901,-1.8250978520879964,0.38565500668208036,-1.6168210766198934,-0.5424118199384146,1.9735636792698779,0.7026212094064257,0.05878797869126581,-0.21798365908960285,-1.1207424823496572,0.17473873452161814,0.7824985439580918,-0.2870429726597227,1793.7732816544794,29.049747799158222,0.31959598311028065,-5.81950624488141,-8.829333969549833,0.22294338955716153,10.200924555556936,-4.014433700173125,-2.5994696103945634,1.7845265166845248,0.7512755530342424,2.298716444065569,-2.633965845924154,-1.3045421921542493,2.3800869632799055,-0.30093295249591445,0.5277445416608002,-0.8699342185315293,-0.014766750039246723,1.3061171659609796,-0.7502146848984756,0.07279410031681745,0.07596534123623784,0.20315040208562948,0.808417186717677,-0.12831695361656287,-0.2799462009375618,0.02962916148307952,0.22785871076093234,0.07964332262110717,-0.18832955044824548,-0.5802649591649723,1722.5154833565193,27.777901069331165,-0.2266025767614594,-3.9214069992233838,-7.935561754546475,-0.4546569003753386,8.152674860122291,-2.6081409559879276,-1.4865419853738422,1.0418581976477566,1.0506109610813088,0.4890398381215065,-2.0190098738332916,0.01045156837707394,1.59146382168554,-0.08419296139560788,-0.1590431257033806,-1.1348876898790148,0.6718055720449392,1.3965426943820396,-0.842641900425784,0.1496102270337301,-0.3528008703678365,0.011463883757640955,0.8830925995267315,0.028329111650741014,-0.12170019279894213,0.01324289782446829,-0.1935111462920945,0.10579302427510974,0.1794862743777463,-0.3620079593491344,4181.434575034389,45.31266873529454,-7.5857726754825014,-2.558328148506582,-13.626794928136139,-6.8618732982612665,11.965875706957341,2.0605216823499144,-0.5069271425555636,-0.5293402561158799,0.7372917912254185,-1.4256259204910555,-1.0063922869552293,2.0708779367089036,1.5584741188967957,0.4419051057108506,-0.6676795903419498,-2.1437689541939386,0.9246544237115021,3.5069536849169207,-1.717929120774765,0.30877528431462364,-1.456787633228296,-0.47638603931968426,1.9577700381969836,0.6624564916678715,-0.015294865786848669,-0.220290342346149,-0.9354764260411124,0.12308710744861293,0.6032303820292354,-0.37298504697527257,1841.8723728736904,28.3345180855238,-0.533268760869836,-3.1906826042503362,-7.9911978443283935,-1.232559018123513,7.745386789494951,-1.7128245160190743,-1.0004092654968761,0.7414596005934346,1.083251584067312,-0.34186595522614105,-1.6224614152786312,0.5628037723513226,1.328372492440953,0.052819303555413435,-0.5533203937367307,-1.3308690455837626,0.9706199967562078,1.584082648841787,-0.9592551400037964,0.19822442212894265,-0.6157662181665375,-0.1084580472707554,1.0369225857538151,0.12760256629824515,-0.05186528648211532,-0.029917574629959358,-0.42545715551202806,0.13071686746805228,0.38667752384923776,-0.2676764263646346,,,,1.5232368565618446,102.029341,49.708659,149.87,149.87,661.2718364367639,725.266104964001,8.058512277377789
GOTVZLCAAOTCQW-UHFFFAOYSA-N__OJHBHLAYFBTMCJ-UHFFFAOYSA-N,417.7747459903028,-1990.8605606015317,-59.511275842659686,-19.14289000578396,-48.557574648817855,551.7258872708859,2629.1902987740423,38.35685064343875,25.2806759497504,41.73317934561972,133.9511412805831,4620.050859375574,97.86812648609843,44.42356595553436,90.29075399443758,0.43091745549974486,-2.0534907273909773,-0.06138343163580691,-0.01974510314799017,-0.05008513969246287,0.569082544500255,2.7119015796101333,0.03956351272759324,0.026075976727020504,0.043046056819208464,405.03288079813086,-1930.1405742379104,-57.69621961563985,-18.55904398305683,-47.076599371656364,534.8985970957151,2549.001659625608,37.186990988718705,24.50963134255392,40.46034380358108,0.08484754740070184,0.09458136301229954,206.74623528382216,0.0,844.783310763883,124.71732249730564,0.8713592150241471,0.12864078497585274,19.676849576989,10.310583373849623,0.9084128282105468,0.47600436068244956,586.4800000000001,5356.0,22.492451113117045,-6.835170431726363,4.469633103504382,-16.37259138741777,-7.121760333779537,10.807793906775833,2.6414070402858085,2.2644222122342526,-1.5963059990021133,-1.8685518859261703,-3.4045946806850416,0.39916122619815375,3.3295973053277623,0.07201966228343787,1.3470244611551834,-2.1920278228232832,-4.638940702715356,2.206041718414329,4.714538770773818,-2.164948739418762,1.0079027849764166,-2.124505973651144,-1.359791828903545,2.298848297793574,0.983890030097249,0.21200231455805205,-0.5731512072336205,-1.2265049487608497,0.048925891139033055,2.369527342813928,-0.3403499022733063,2235.9466275192353,17.048147537172373,-7.803432248167067,-2.3202181591189586,-10.40998368164018,4.434739958560348,10.08424304331864,-4.504578203431221,-3.4558546613715846,2.7412828010100534,-0.11043184389371152,1.1871027734046065,-2.2126524692057647,-0.9731850042856558,1.6157590114457827,0.02530898080516014,0.5484977426244326,-2.1162671873106533,0.051354981685507346,1.7074963272372354,-0.3860911139630496,-0.011570274914594284,-0.5609327241053433,-0.11111339490426987,1.3004402733871312,-0.3461050851733533,-0.24344019116399215,0.03190565527517397,-0.3244888486354397,0.529688489712463,0.44336321390335887,-0.6713749269462403,2142.4520925496363,18.5973264113916,-4.172198401484504,-0.6823675412762477,-9.404759376307952,1.5831337694891905,8.690271444433272,-2.7167302284592854,-1.1556028238417908,0.8029664170076067,0.46422526234668127,-0.3219364029196843,-1.6073210711906116,0.5558994783369445,1.1630032944702342,0.11214919700032999,-0.39233198890744037,-2.016538395097105,0.634993714977749,1.923827355858723,-0.6763554413280022,0.19875484221656212,-0.765098404843032,-0.4111949354884091,1.202599677438529,0.16855631609686858,-0.22914268618615746,-0.28258143319142426,-0.35396582165020074,0.22320499773524574,0.7154646358114161,-0.5167971784149143,5535.555160946544,22.035656443284346,-8.030318069370908,4.607112834624059,-17.469317353173967,-6.605041971908897,11.603763451976931,2.5759327381155486,1.0191442573049505,-0.8704716454621789,-1.911023887399831,-3.135484257735069,0.04556844610747689,2.900767808793553,0.08720345087519826,1.4710897646305612,-1.8873362782834826,-4.721768907535983,2.035272084687736,4.641572689529325,-1.9330461057284576,1.0646542215420314,-2.158215926057751,-1.3702178559825153,2.384690755408752,0.7795368297645455,0.09237912272313231,-0.45445492566167167,-1.1668791061657071,0.046977781089529776,2.2632594943341355,-0.4913408550215188,2389.1629319730973,19.84509712744133,-3.8901214856715787,-0.1237852991930627,-9.226524866813657,-0.15821620457405053,8.495708586951233,-1.8184136915835487,-0.11771354407718218,0.1366402439574329,0.4588631387586993,-1.361225173517836,-1.0058154981585856,1.2203161421720363,0.9898373409768365,0.2114398554315819,-0.7634004631384119,-2.296371427562454,0.9296188613682674,2.1950715528487836,-0.9323254998445704,0.2435691713301582,-0.9412550277491979,-0.4983709006151909,1.2816745565297507,0.4226203965414083,-0.16799538167046454,-0.3624098876256144,-0.5144596207545912,0.16654750136439622,0.9749914826552141,-0.41047230478874186,,,,1.6436406849020042,116.117271,58.972728999999994,167.77,193.07000000000002,742.6728574305097,809.3234034840012,7.781955802730781
OJHBHLAYFBTMCJ-UHFFFAOYSA-N__GOTVZLCAAOTCQW-UHFFFAOYSA-N,410.8751089163927,-1955.8807435187819,-57.1331221166586,-18.806545610757517,-47.70440837850688,553.9952577763171,2637.1727884492248,38.111249839010895,25.35743065816562,41.85988553094006,143.12014885992437,4593.053531968007,95.2443719556695,44.163976268923136,89.56429390944695,0.4258345194336842,-2.0270917327712765,-0.05921326230848403,-0.019491266661262274,-0.04944126177490919,0.5741654805663159,2.73318870543063,0.039498829225779825,0.02628066062914067,0.04338394770524809,396.44121700506685,-1887.1713702061768,-55.126056486999744,-18.145878559674777,-46.02857000502871,534.5336075166573,2544.5298754230394,36.77241560728392,24.46663341752922,40.389363101952995,0.08493862845380445,0.09468293003509894,153.6341075224422,0.0,844.8882918267485,119.98207486596128,0.8756495390388822,0.12435046096111788,17.649935246935247,9.728257065942422,0.8142957291626024,0.44882194014668425,586.4800000000001,5356.0,24.4800380856237,-9.238716789695879,6.5347055725887175,-13.877171321253586,-6.706298495311255,9.522818460721327,0.9837961986034545,2.19621350897614,-1.3451273809362536,-1.027958130380955,-3.780035534077863,0.27762699912845124,2.7723735028897663,1.0664112498388267,1.179862063106416,-2.1433108175119395,-3.867481414241282,1.455309612629743,3.9474656015470404,-1.5776896939400402,0.764341365421328,-2.602181360254832,-0.2522446381289801,2.1230263717897433,1.3158795908944305,-0.44032910854340424,-1.0268860134746993,-1.5693081836077645,-0.11180001948288418,1.8237405478411475,-0.17850751328467568,2235.9466275192353,18.60518226304105,-8.03709630584498,-0.9557271981235239,-10.896202114560104,3.453962434517674,8.673913587296346,-3.8266611763356218,-3.1648340475973824,2.8221890319448937,0.5427639466428799,1.9785781099647473,-2.746054741438375,-1.7401074066648041,2.5670398086479502,0.00828480367009558,0.6635281233699911,-2.0889514522262105,-0.031579749402472906,1.886936990096919,-0.598241489711495,0.3283663266762064,-1.0600768883045024,0.5126343596440528,0.6951311196026831,0.09362960460075126,-0.9776303917230776,0.1659366932140992,-0.3042435156013621,0.9047117285937947,0.19305651171900193,-0.7398436207431235,2142.4520925496363,19.708245059709956,-5.265219739241621,0.7836996418455295,-9.521643501414456,1.4659044100008027,7.401762350309865,-3.0517017722260955,-1.1606466273458274,0.9162290273524543,1.064439148765884,-0.0040961573220601386,-1.9634261843152312,0.08767989744221036,1.6373577074431362,0.01778888449947757,-0.4088892199818701,-1.8221155810047995,0.4276532193015562,1.7247569514483265,-0.7810008407060616,0.39263356645597586,-1.2050818696158683,0.12015755108047291,0.8135218915151263,0.4633763589421089,-0.561544284541775,-0.31297870543505896,-0.3379923933655981,0.40062935899919083,0.5458213218175189,-0.44415180602303317,5535.555160946544,23.818620236956065,-9.997746892513417,6.58549931558775,-15.290547675321362,-6.184480867852088,10.362001661743813,1.3444862381003804,1.2453471896084234,-0.7135180482510145,-1.0036756006239949,-3.423392332284503,-0.11631969348730845,2.1442926433629457,1.4665245097409723,1.1252541507455058,-1.6273841689971007,-3.9772603904402497,1.2463838134500123,3.9423037624104356,-1.3977807599003504,0.7862961364682095,-2.5788524929207055,-0.14276322563203678,2.1778973217091226,1.2603454751454246,-0.6638861683238096,-0.8511256442057126,-1.4813179448119553,0.02411557239861742,1.6771506785817507,-0.28018071500862557,2389.1629319730973,20.556482712261474,-5.1443396860090385,1.3355758922791623,-9.009448995554267,-0.13121990954772061,7.001835440986938,-2.3451758184168354,-0.3406653445229454,0.05163547673926699,1.0418666831875187,-0.9834576814574008,-1.2868312343059225,0.7300788810647428,1.4011834852040082,0.18570012489242488,-0.9676228163842323,-1.9676485184869037,0.7200048880003588,1.954290027374358,-0.996844653352779,0.45776241032632475,-1.4079362160845645,-0.02963056053530806,0.9806226720974778,0.646200200761938,-0.4704987305329931,-0.4886057399029702,-0.4645894024535586,0.17446077378191602,0.8488864768365274,-0.34598467040307956,,,,1.541451030003742,116.117271,58.972728999999994,167.77,193.07000000000002,742.6728574305097,809.3234034840012,7.781955802730781
LDTSSZOMSAGGOQ-UHFFFAOYSA-N__ILLWSXQUYFYTTD-UHFFFAOYSA-N,385.89220494142114,-1653.465764266253,-42.1205733571865,-14.632440391736752,-45.92960456295147,837.196733236996,3587.209377740747,38.94723585507501,31.745215732219,46.587134775853855,451.30452829557487,5240.675142007,81.06780921226151,46.37765612395575,92.51673933880532,0.3155062505234836,-1.351876967122938,-0.03443786632550036,-0.011963512983388831,-0.03755213797563716,0.6844937494765165,2.9329096730146915,0.03184333913859142,0.02595495285853709,0.038089736013177805,471.9804871931309,-2022.3356859307762,-51.517207342907355,-17.896775981688286,-56.17599127585489,1023.9660635012768,4387.47610884459,47.635933346968066,38.82722220216451,56.980209205773896,0.10657004217646215,0.049268453085380894,126.26547364230964,220.1581720216656,1125.9052141297593,97.18372404865744,0.9205423898335665,0.07945761016643325,20.18661247343973,11.775692002054594,0.7142612485039197,0.41665834138599006,627.3900000000001,6328.0,97.39018516747531,-16.41078438091896,10.152227732708372,-19.649934626978528,-7.94004927991011,9.835901220802791,2.0854616754794257,1.823529061052627,-1.3599414467987505,-2.9947938560607037,-2.225471822237499,1.7479454928590863,3.571820577587142,1.786257777309031,0.48916662868732047,-2.65407342634212,-4.384996261120451,2.657863604895203,4.938400239286284,-3.1695738318844144,0.038116306553469245,-2.800223088450733,-0.05066435349487086,2.307593645422306,1.433478113973682,0.1242334544009892,-1.7696437061716925,-1.351195055336152,0.5259486914225306,2.235661648341601,-0.16175021230246267,2266.278137726111,37.262628931552285,-8.164845209881792,1.6310323444999908,-11.198861067674281,5.51070320623895,7.247913780098861,-3.530706118436035,-2.352723442660751,2.2015654023193827,0.30069898397296535,2.58319487711999,-2.8899686579951838,-0.20956513900554863,2.929455166463403,-0.6235521864483768,-0.06027876766195548,-1.5611875024968225,0.0892072559553949,2.0918078526376673,-1.3070153379038496,0.2119317089789544,-0.7406814762947708,0.2846148986785924,1.24531349504971,-0.31198443723060665,-0.05421666304972241,-0.355633803859683,0.14745023332917967,0.5711913128143554,0.1170465808826097,-0.6231390036281156,2406.616561697549,45.714767950036446,-7.402371408678,2.282568173506611,-11.406067792730287,1.1963775413903217,7.154105805873974,-2.41097702518968,-1.4719795434150114,1.1497603669028034,0.06870807441943509,0.5336647753383216,-1.6215626701788275,1.0818404149151835,2.2886925028649014,-0.5989709539725697,-0.6387263442199311,-1.8055915059376872,0.7694745265472211,2.1455789675534276,-1.4700050177662969,0.03396496196501684,-1.1566429520360197,0.15860202921010447,1.2403435084768077,0.13989856723297278,-0.11779282226780056,-0.46751815976006633,-0.2730612891711854,0.45833078308468683,0.5253879226976698,-0.34861291947576717,6286.073576264544,94.75702424721462,-16.427971829746365,10.180838271452016,-20.113101264524325,-7.317708995956967,10.685317606594646,1.808754541084396,1.3689614670284536,-1.115631878989022,-2.5331467273610815,-1.6969446700668336,1.1640444183308878,3.231752241191982,2.0603241619934103,0.37702840766481027,-2.4227590724823753,-4.272442708554742,2.3371481207340135,4.927447573338771,-2.967225618572624,0.0013036652462176841,-2.6651015428653686,-0.0689157418596988,2.323928172441818,1.3745187104991137,-0.010585227665051919,-1.6706160141059625,-1.143519754684646,0.4923982750039864,2.107633094889062,-0.25642030729875265,2866.6933819826677,52.81340518076984,-8.850701696988189,3.7441271191386654,-12.310840511748061,-0.1816581027427493,6.904678803025804,-1.4017354455357525,-0.856823566673197,0.5960492450893865,-0.26412202430226456,-0.3793832627084806,-0.8720952639644142,1.7838424509439366,2.0559173992631603,-0.4664879896606942,-1.1154279908034073,-2.0298973358709245,1.1083875598505186,2.4217145935573567,-1.6729243158117018,0.03914699317811924,-1.430281105594161,0.08060168823925136,1.4583922467339685,0.29868110302229756,-0.039125209162287,-0.6801288293935696,-0.5131325049038755,0.45308631027340746,0.8327115397656315,-0.2440144541785737,,,,1.5905188334288887,127.133408,69.706592,101.79,127.09,775.2655109653033,814.3807165520016,7.206908996035412
ILLWSXQUYFYTTD-UHFFFAOYSA-N__LDTSSZOMSAGGOQ-UHFFFAOYSA-N,387.9679616481502,-1655.8131525096917,-49.03752361967315,-14.653213739023823,-47.308947214562615,793.5283986952807,3386.7094433978386,37.19776018787252,29.970880030069367,43.41935183843381,405.56043704713045,5042.522595907531,86.23528380754567,44.62409376909319,90.72829905299642,0.328370001525335,-1.4014542981989286,-0.04150459135178308,-0.012402250426539195,-0.040041551377112246,0.6716299984746649,2.8664577878288244,0.03148360116577936,0.02536688307813119,0.036749458818318245,458.3827346171493,-1956.337213098983,-57.937655676898856,-17.312718699991006,-55.89534894568523,937.550914887625,4001.3848809152732,43.94901827489916,35.41048567181657,51.29980616558041,0.10699140088932396,0.049576822850147965,127.92311584846203,15.494956064870541,1061.690421155729,119.80593918770225,0.8985981309727628,0.10140186902723738,24.370963307705566,12.797233111258132,0.9043931681033188,0.47489834727985797,627.3900000000001,6328.0,99.68083187237512,-15.732204753827283,10.448524848403608,-16.310788130321473,-6.65271701767634,7.959654786301747,2.6810904553080666,1.2729056347561882,-1.594929427265774,-3.8731044531960976,-4.213791142988445,1.634818873996605,3.5727821509731648,2.3568471771676336,-0.2774596170072493,-2.550959077487275,-4.322639265734097,2.463374618895712,5.431479282228182,-2.853249264809321,-0.298405641761675,-2.5735436308985435,-0.6703422142659758,2.1274549995277265,0.9146603608987395,0.07988649875041612,-1.3189372628733382,-1.6596443346984628,0.5994218598164789,2.176968135646206,-0.4209123091138266,2266.278137726111,39.49944845695851,-7.408591953245358,0.7798968094864535,-10.52752883703903,6.292786928128452,5.839029928196163,-4.143361683972434,-2.0011244371646226,2.170140154224325,0.39872810678108545,2.106493063372013,-3.5653053967260266,-0.192575956967034,3.200092427005231,-0.5946625274164069,0.03465216847617673,-1.6340225794791363,-0.1710161807204975,2.0966473190753145,-1.117293120569841,0.5587027037969373,-1.013800532135862,0.024963415173467857,0.7810817086195797,-0.2885661595990149,-0.29896597181579365,-0.19080570364887628,-0.05448205972688556,0.7047172024095973,-0.04747784992944648,-0.5179697082909782,2406.616561697549,48.84902876012073,-6.718387639322925,2.222154761689396,-10.54787907782902,2.1573767224501443,6.193344714131872,-2.6650838750517507,-1.07663998177477,0.9509789284161939,-0.010901067134531692,-0.08804514485061303,-2.285189289794823,0.9287819376237835,2.467133530366066,-0.4839509033885308,-0.3911310246012602,-1.8355916787614315,0.6694985383710502,2.2330792266260153,-1.1669256906593612,0.1981254167480654,-1.2448392210430395,-0.04840604782829107,1.0131806724328203,-0.02845294684604071,-0.2648832523365257,-0.3381676073126622,-0.3796535193552166,0.4772312845692015,0.4505420592186544,-0.3608104554440687,6286.073576264544,95.69465546640326,-15.681924717180108,10.551165652981542,-16.976339908684775,-5.841302730049657,8.3416508430023,2.2679964516295366,0.8709764782062969,-1.3416986679889913,-3.505923545394026,-3.7224870994213686,1.0073795580503297,3.3337712866620284,2.675985249533367,-0.423845577427516,-2.3567320881386573,-4.212743946795574,2.063620213048989,5.426895719316887,-2.7650402915599455,-0.2615989575678069,-2.4986151638373473,-0.6562406176411761,2.0959993515704634,0.8349484928767874,-0.05972002954088731,-1.2261179927041226,-1.5131540762081561,0.6135170737439463,2.010758081738438,-0.444913760409031,2866.6933819826677,56.28424753554414,-7.731668447600873,3.7977132440916312,-11.50718989724015,0.7506461397957587,5.981941734954024,-1.4620606801875964,-0.692092885659062,0.38731536358433044,-0.37080519739353546,-1.0304342665585233,-1.506551103610816,1.5858032595040863,2.241065911671832,-0.4037146840233884,-0.8791509398802526,-2.034425998320185,1.0019631781794527,2.638269228751448,-1.334879389643875,0.15604922384954192,-1.4988392664106918,-0.19442476194910893,1.226013511698596,0.1480114636657956,-0.18397326034653855,-0.5069933057596546,-0.6248026571147052,0.4547744525922847,0.7530346183207403,-0.28369944411287384,,,,1.716882458248753,127.133408,69.706592,101.79,127.09,775.2655109653033,814.3807165520016,7.206908996035412
DDNOJUSJEFKHEA-UTISWFAOSA-N__PDXFANPJURPCCV-UHFFFAOYSA-N,406.8003147687897,-1618.4055645259077,-59.95497372629441,-17.40221037124632,-42.589620119102825,602.4018210209033,2396.582361975025,54.207177407743714,25.769702816935762,43.57422476318227,195.6015062521136,4014.9879265009326,114.16215113403813,43.17191318818208,86.1638448822851,0.4030910164993572,-1.6036485726018777,-0.05940829056944087,-0.01724353303872987,-0.04220127822636519,0.5969089835006427,2.3747297761114203,0.053712903971737044,0.025534728775391625,0.04317690502020764,410.543746504582,-1633.2983522934699,-60.50668753579126,-17.562347874123333,-42.981535586670255,607.9452043778961,2418.6360383011024,54.705999215025756,26.006839121517242,43.97520069638368,0.10749822465694653,0.053094139100678554,124.39533917782322,183.1707665699008,830.7642647566518,178.43787103304135,0.8231891662680489,0.17681083373195108,17.73627374603528,9.52238697776208,0.862586952983043,0.4631123135494743,597.5800000000002,4278.0,54.91744537222484,-7.387333778027451,2.0354801006469385,-10.283441171940206,-7.2044006475106555,7.74603748540182,4.2140063205002205,0.5559214105293503,-2.8993133761932537,0.13851051105251255,-4.476131565955008,0.7761694397426045,2.2843268463152446,0.8273797334390732,1.1978296248730322,-2.483267346424498,-3.208394594600968,0.987187452201785,5.135178014363006,-1.7357462131916945,0.5827115422100432,-1.7143534869914827,-1.5441256834352464,2.451272623660677,0.8570686318575659,-0.568476373978794,0.37854895858888077,-0.8620430965477683,-0.5199457518819065,1.7151411002868195,-0.14921807152102537,2583.302844815397,22.73021239140378,-6.87912793057734,-6.207674117321252,-6.918106093711138,12.485567925812223,6.151504520893772,0.740906823960357,-1.8308264566581234,-4.099064593153229,2.772350941329786,1.6315752004802138,-3.00810793560518,-0.582080638387572,3.8331076905379016,0.28080354682702896,0.38682771297878316,-0.8310842050571539,0.5773467482016077,2.7837170219003364,-0.603196082294974,0.7882583322302558,0.4186786457475309,0.1701735984336808,1.685838745098857,0.2569594792155143,0.16941952238623337,0.6783860709381956,-0.455322427059185,0.40067972344759034,0.29490971412861355,-1.0253721889183411,1956.8251215778357,33.16561737844043,-2.6374387099447585,-2.4117724397252602,-8.288210277390522,2.8741311796321316,5.984166895038016,-0.2056990976493402,-1.4112927513355396,-1.6952901097645727,1.5161752016190513,-0.4423887843833914,-1.2663420748071155,-0.2550431199642898,1.9250933596426454,0.3667823095580594,-0.5526141862560277,-1.4888243628544666,0.3137389079593002,2.680747668262033,-0.6598077827403099,0.35075123506480627,-0.7010151318992143,-0.5243067371931024,1.238438909055381,0.28357735720371113,-0.3998563296878749,0.1431689806280315,-0.09778032579319135,0.17243178884658367,0.43544683761662833,-0.6142622855753582,4287.199511677982,56.9118037949745,-7.395292462980041,1.9442322780063277,-10.803399722177161,-6.855416266505441,8.23903373812278,3.9575168870306627,0.5220696562004401,-2.9048855688194273,0.19372604818491984,-3.9544350964185746,0.42230835443035386,2.0429656754705245,0.9689858120516325,1.033167019481185,-2.2800052227037253,-3.0849150007663058,0.766076657783895,5.089869759701093,-1.6504534226671421,0.5695377094828831,-1.6193456002162951,-1.4762846430523455,2.3532574065185523,0.8580489697074052,-0.5321782550398722,0.440507811545021,-0.8288862532300364,-0.3850263902459668,1.545056029282779,-0.18918323443383528,2412.1353624662825,32.2139122882819,-3.717745570063644,-1.6793630873907264,-8.448231060773713,2.940941239274812,5.359652063218957,1.2136354367429731,-1.1059087062289712,-2.568292406672662,1.408496308568721,-1.3515543503118506,-0.8723753492043929,0.26828502670807214,2.081716179695685,0.48731731091371966,-1.021059333493011,-1.7274096772743945,0.6095396694726608,3.1719595428794163,-1.0165691265000103,0.5702402521008875,-0.7917894322368083,-0.6849140059514325,1.6486000831969092,0.42935833156032177,-0.31208871046566683,0.13536308824532553,-0.17772651237675668,-0.10063205617577399,0.7787213952060561,-0.5708272840512162,,,,2.0102867389084715,116.82672,56.34328,99.47999999999999,175.38,,878.117896980001,9.44212792451614
PDXFANPJURPCCV-UHFFFAOYSA-N__DDNOJUSJEFKHEA-UTISWFAOSA-N,387.0493914213312,-1541.7178803591482,-60.43889697195438,-16.57761161676504,-39.53122770151663,515.829717260948,2054.6832418504064,45.89725488466574,22.093368191939852,38.049689663896416,128.78032583961675,3596.4011222095546,106.33615185662012,38.67097980870489,77.58091736541304,0.42868351665176574,-1.7075573745517627,-0.06694018766273467,-0.01836083198442756,-0.04378352242440418,0.5713164833482344,2.2757013891362994,0.050834330358635944,0.024469907410067732,0.04214261831733888,349.45880954251015,-1391.9848656582003,-54.56901742777827,-14.967579200625817,-35.69191963226155,465.73187535239674,1855.1305740263106,41.43967258123038,19.94764058092807,34.35426988937613,0.1073696668078338,0.05311981811676683,63.638614580239455,234.8542837442544,725.8996600917695,176.9794485905097,0.8039832277780743,0.1960167722219258,16.749364981232112,9.119485015868074,0.8366568892966988,0.45553249176392185,597.5800000000002,4278.0,34.504820827894186,-5.509664005039497,10.308351717761411,-12.168060047971661,-6.868989179844324,8.241269030968544,3.708109979453562,0.9015595882377193,-1.5401653783667768,-0.6723588678771533,-4.87894306362702,1.1004737721014983,2.6526122167542088,1.6095428492822943,-0.181101633855746,-1.6065159177477155,-3.0928037687638117,1.6775137329864007,4.588122718316887,-2.8921876909642275,0.5953716796805507,-2.4811084370165304,-0.4504316769119606,2.162266140009128,1.0646167913326121,-1.0255659467482363,-0.3543405620770605,-0.9069581142624903,-0.2824886671086001,1.6111577967916615,0.06585940207981461,2583.302844815397,-5.059604387632041,-9.50880959269343,2.9961214486370555,-6.575691449300445,5.699496505981572,1.573911448911411,-1.7145965876270906,0.6640741769559949,-3.376173594897916,0.35962954621099,-0.09457938438782189,-3.097303823863917,-1.048222038904015,2.8607991046811083,-1.7003927271062533,-1.555045378598962,-1.5924437667594231,0.4296743987013509,1.2172394094369403,-0.9330980850826306,0.007134737208821152,-0.33834734542076106,1.1339512741600282,0.0500566032095107,-0.03953734692080256,-0.3687581938066944,-0.6767924553754897,-0.30760213465860387,0.10081654630107398,0.4447936465134424,-0.9253675111869138,1956.8251215778357,14.736583835843762,-2.6856010797145617,1.0850069985423312,-8.535716508849283,1.8452969354040554,5.8031795405936375,-0.7967250231930821,-0.646722828937561,-0.8918195613206936,1.1590800749057781,-0.7239423967501653,-1.3604832076939828,-0.14881902206667158,1.7647475502195205,-0.2959287786332299,-0.44240098584914883,-1.638574264720487,0.5948950638737879,2.3297051637182506,-0.9650443680570415,-0.13456577199560876,-0.9486038091400725,0.21629053489671235,0.9941543420441579,0.22534221431267495,-0.816457830646383,-0.18254833428559306,0.07433586007248526,0.036777235811494516,0.595507690979362,-0.6445791864380963,4287.199511677982,35.932809344032016,-6.030484706740125,10.100668722059913,-12.401337911062178,-6.496437383197542,8.563877316853546,3.530180185256452,0.9573678747896819,-1.7089640222661708,-0.37757464662870627,-4.585316663976822,0.8641555632432302,2.243845511726042,1.8238234563296443,-0.35287256464295375,-1.4166497708826828,-2.9342655177417902,1.5167209484818887,4.511537105677799,-2.743904541959549,0.5033845679754625,-2.291914091663516,-0.4075829799512803,2.0395532842581363,1.0007489882060545,-1.0345841319920024,-0.30507490621713296,-0.884964868603432,-0.2535411049130071,1.449113750563813,-0.04028480905853488,2412.1353624662825,11.74195225988015,-3.729796203423787,3.089145869729267,-8.881653604171388,1.1994488806693175,4.779276903821195,0.10175306472342062,-0.03503749380923479,-1.4697919244234645,0.6666013921098153,-1.6375707628814116,-0.9709816289230292,0.3502587111468052,1.8391999472229463,-0.3732602694440177,-0.8949412120847022,-1.991008818540249,0.8530333854867097,2.55889073431695,-1.3540978782814999,0.13131416787848768,-1.2480995005127813,0.09568379376208853,1.1247322244699658,0.4579618793887369,-0.8429251671077611,-0.3570591981848344,-0.10395469919651319,-0.0926155263837167,0.9733713341543592,-0.48070045428047675,,,,1.6138169871829995,116.82672,56.34328,99.47999999999999,175.38,,878.117896980001,9.44212792451614
YWTJZMBBIWATFJ-ORNMAPSZSA-N__FPERANCMPLPMGW-NLYITROOSA-N,,,,,,,,,,,,,,,,,,,,,,,,,,,,,,,,,,,,,,,,,,,,,,,,,,,,,,,,,,,,,,,,,,,,,,,,,,,,,,,,,,,,,,,,,,,,,,,,,,,,,,,,,,,,,,,,,,,,,,,,,,,,,,,,,,,,,,,,,,,,,,,,,,,,,,,,,,,,,,,,,,,,,,,,,,,,,,,,,,,,,,,,,,,,,,,,,,,,,,,,,,,,,,,,,,,,,,,,,,,
FPERANCMPLPMGW-NLYITROOSA-N__YWTJZMBBIWATFJ-ORNMAPSZSA-N,,,,,,,,,,,,,,,,,,,,,,,,,,,,,,,,,,,,,,,,,,,,,,,,,,,,,,,,,,,,,,,,,,,,,,,,,,,,,,,,,,,,,,,,,,,,,,,,,,,,,,,,,,,,,,,,,,,,,,,,,,,,,,,,,,,,,,,,,,,,,,,,,,,,,,,,,,,,,,,,,,,,,,,,,,,,,,,,,,,,,,,,,,,,,,,,,,,,,,,,,,,,,,,,,,,,,,,,,,,
